779.9452069 0
779.9452069 0
779.9481301 0
779.9481301 0
779.9510534 0
779.9510534 0
779.9539767 0
779.9539767 0
779.9569001 114936.0938
779.9569001 114936.0938
779.9598234 212000.5625
779.9598234 212000.5625
779.9627467 290798.3125
779.9627467 290798.3125
779.9656701 287799.3125
779.9656701 287799.3125
779.9685935 191642.0469
779.9685935 191642.0469
779.9715169 69273.21094
779.9715169 69273.21094
779.9744404 0
779.9744404 0
779.9773639 0
779.9773639 0
779.9802873 0
779.9802873 0
779.9832108 0
779.9832108 0
780.1469513 0
780.1469513 0
780.1498757 0
780.1498757 0
780.1528001 0
780.1528001 0
780.1557245 0
780.1557245 0
780.158649 83845.5
780.158649 83845.5
780.1615735 203014.6719
780.1615735 203014.6719
780.164498 288377.375
780.164498 288377.375
780.1674225 266271.2188
780.1674225 266271.2188
780.170347 156255.8906
780.170347 156255.8906
780.1732717 0
780.1732717 0
780.1761962 0
780.1761962 0
780.1791208 0
780.1791208 0
780.1820454 0
780.1820454 0
780.4160656 0
780.4160656 0
780.4189915 0
780.4189915 0
780.4219175 0
780.4219175 0
780.4248434 0
780.4248434 0
780.4277694 89633.10938
780.4277694 89633.10938
780.4306954 209446.125
780.4306954 209446.125
780.4336214 312971.7188
780.4336214 312971.7188
780.4365474 324748.8125
780.4365474 324748.8125
780.4394734 241621.1406
780.4394734 241621.1406
780.4423995 125811.3672
780.4423995 125811.3672
780.4453257 0
780.4453257 0
780.4482518 0
780.4482518 0
780.4511779 0
780.4511779 0
780.454104 0
780.454104 0
780.6911741 0
780.6911741 0
780.6941015 0
780.6941015 0
780.697029 0
780.697029 0
780.6999565 0
780.6999565 0
780.702884 142006.1406
780.702884 142006.1406
780.7058116 234461.2031
780.7058116 234461.2031
780.7087391 299086.9688
780.7087391 299086.9688
780.7116667 317005.9375
780.7116667 317005.9375
780.7145943 268860.3125
780.7145943 268860.3125
780.7175219 75969.51563
780.7175219 75969.51563
780.7204496 0
780.7204496 0
780.7233772 0
780.7233772 0
780.7263049 0
780.7263049 0
780.7292326 0
780.7292326 0
780.9166373 0
780.9166373 0
780.919566 0
780.919566 0
780.9224948 0
780.9224948 0
780.9254235 0
780.9254235 0
780.9283523 100931.7109
780.9283523 100931.7109
780.9312811 279689.7188
780.9312811 279689.7188
780.93421 434100.5938
780.93421 434100.5938
780.9371388 454148.5625
780.9371388 454148.5625
780.9400676 297127.9063
780.9400676 297127.9063
780.9429965 133890.2969
780.9429965 133890.2969
780.9459254 39920.37891
780.9459254 39920.37891
780.9488719 0
780.9488719 0
780.9518009 0
780.9518009 0
780.9547298 0
780.9547298 0
780.9576587 0
780.9576587 0
781.0162412 0
781.0162412 0
781.0191705 0
781.0191705 0
781.0220998 0
781.0220998 0
781.0250291 0
781.0250291 0
781.0279585 18175.91211
781.0279585 18175.91211
781.0308878 413515.75
781.0308878 413515.75
781.0338172 1693925
781.0338172 1693925
781.0367466 5099123
781.0367466 5099123
781.039676 9049372
781.039676 9049372
781.0426054 12531673
781.0426054 12531673
781.0455349 10857743
781.0455349 10857743
781.0484643 6693911.5
781.0484643 6693911.5
781.0513938 2870587
781.0513938 2870587
781.0543233 776447.0625
781.0543233 776447.0625
781.0572528 78209.53906
781.0572528 78209.53906
781.0601648 0
781.0601648 0
781.0630943 0
781.0630943 0
781.0660239 0
781.0660239 0
781.0689535 0
781.0689535 0
781.1246185 0
781.1246185 0
781.1275484 0
781.1275484 0
781.1304783 0
781.1304783 0
781.1334083 0
781.1334083 0
781.1363382 104533.625
781.1363382 104533.625
781.1392682 258289.0469
781.1392682 258289.0469
781.1421982 421876.7188
781.1421982 421876.7188
781.1451282 474263.875
781.1451282 474263.875
781.1480582 350019.3438
781.1480582 350019.3438
781.1509882 118864.4141
781.1509882 118864.4141
781.1539183 32626.82813
781.1539183 32626.82813
781.1568485 0
781.1568485 0
781.1597786 0
781.1597786 0
781.1627087 0
781.1627087 0
781.1656388 0
781.1656388 0
781.3297518 0
781.3297518 0
781.3326828 0
781.3326828 0
781.3356139 0
781.3356139 0
781.338545 0
781.338545 0
781.3414761 74412.46875
781.3414761 74412.46875
781.3444072 312715.2188
781.3444072 312715.2188
781.3473384 262319.7188
781.3473384 262319.7188
781.3502695 130464.2969
781.3502695 130464.2969
781.3532007 73569.00781
781.3532007 73569.00781
781.3561336 133253.5469
781.3561336 133253.5469
781.3590648 222025.9844
781.3590648 222025.9844
781.361996 352488.1875
781.361996 352488.1875
781.3649273 476214.9688
781.3649273 476214.9688
781.3678585 1469956.25
781.3678585 1469956.25
781.3707898 4717103.5
781.3707898 4717103.5
781.3737211 8990683
781.3737211 8990683
781.3766524 13207084
781.3766524 13207084
781.3795837 12249943
781.3795837 12249943
781.382515 7728090
781.382515 7728090
781.3854464 3541474.5
781.3854464 3541474.5
781.3883778 1026092.438
781.3883778 1026092.438
781.3913092 282799.5313
781.3913092 282799.5313
781.3942406 121708.0234
781.3942406 121708.0234
781.397172 0
781.397172 0
781.4002703 0
781.4002703 0
781.4032018 0
781.4032018 0
781.4061332 0
781.4061332 0
781.4090647 0
781.4090647 0
781.6788322 0
781.6788322 0
781.6817652 0
781.6817652 0
781.6846982 0
781.6846982 0
781.6876313 0
781.6876313 0
781.6905644 45814.01563
781.6905644 45814.01563
781.6934974 196957.125
781.6934974 196957.125
781.6964306 296394.9375
781.6964306 296394.9375
781.6993637 385118.1875
781.6993637 385118.1875
781.7022968 869625.3125
781.7022968 869625.3125
781.70523 2490355
781.70523 2490355
781.7081631 4694864.5
781.7081631 4694864.5
781.7110963 6857122
781.7110963 6857122
781.7140295 6422014
781.7140295 6422014
781.7169627 4059741.25
781.7169627 4059741.25
781.719896 1876593.625
781.719896 1876593.625
781.7228292 497371.0938
781.7228292 497371.0938
781.7257625 46685.30078
781.7257625 46685.30078
781.7285988 0
781.7285988 0
781.7315321 0
781.7315321 0
781.7344654 0
781.7344654 0
781.7373988 0
781.7373988 0
781.8782183 0
781.8782183 0
781.8811525 0
781.8811525 0
781.8840866 0
781.8840866 0
781.8870208 0
781.8870208 0
781.889955 34065.85156
781.889955 34065.85156
781.8928892 127599.1563
781.8928892 127599.1563
781.8958234 235403.7031
781.8958234 235403.7031
781.8987577 855126.6875
781.8987577 855126.6875
781.901692 2947440
781.901692 2947440
781.9046262 6531850
781.9046262 6531850
781.9075605 10426443
781.9075605 10426443
781.9104948 11379411
781.9104948 11379411
781.9134292 7808120.5
781.9134292 7808120.5
781.9163635 4137686.75
781.9163635 4137686.75
781.9192979 1239313.375
781.9192979 1239313.375
781.9222322 321075.1563
781.9222322 321075.1563
781.9251666 152003.4063
781.9251666 152003.4063
781.928101 132792.4688
781.928101 132792.4688
781.9310355 74082.21094
781.9310355 74082.21094
781.9338987 0
781.9338987 0
781.9368331 0
781.9368331 0
781.9397676 0
781.9397676 0
781.9427021 0
781.9427021 0
781.9691133 0
781.9691133 0
781.9720479 0
781.9720479 0
781.9749826 0
781.9749826 0
781.9779173 0
781.9779173 0
781.980852 76868.57813
781.980852 76868.57813
781.9837867 176489.9375
781.9837867 176489.9375
781.9867215 225484.4531
781.9867215 225484.4531
781.9896562 181883.5938
781.9896562 181883.5938
781.992591 86968.30469
781.992591 86968.30469
781.9955258 0
781.9955258 0
781.9984606 101096.75
781.9984606 101096.75
782.0013954 206585.25
782.0013954 206585.25
782.0043303 240839.1406
782.0043303 240839.1406
782.0072651 168749.8125
782.0072651 168749.8125
782.0102 66559.01563
782.0102 66559.01563
782.0130726 0
782.0130726 0
782.0160075 0
782.0160075 0
782.0189424 0
782.0189424 0
782.0218774 0
782.0218774 0
782.0248123 0
782.0248123 0
782.0277473 0
782.0277473 0
782.0306823 24905.68164
782.0306823 24905.68164
782.0336173 155376.6563
782.0336173 155376.6563
782.0365523 611611.9375
782.0365523 611611.9375
782.0394873 1780314.875
782.0394873 1780314.875
782.0424224 3097064.25
782.0424224 3097064.25
782.0453575 4219040
782.0453575 4219040
782.0482925 3650136.75
782.0482925 3650136.75
782.0512277 2271832.5
782.0512277 2271832.5
782.0541628 994644.4375
782.0541628 994644.4375
782.0570979 243370.5938
782.0570979 243370.5938
782.0600331 0
782.0600331 0
782.0630306 0
782.0630306 0
782.0659658 0
782.0659658 0
782.068901 0
782.068901 0
782.0718362 129093.9609
782.0718362 129093.9609
782.0747714 298629.5313
782.0747714 298629.5313
782.0777067 324992.875
782.0777067 324992.875
782.0806419 220579.1719
782.0806419 220579.1719
782.0835772 102531.375
782.0835772 102531.375
782.0883405 0
782.0883405 0
782.0912758 0
782.0912758 0
782.0942112 0
782.0942112 0
782.0971465 0
782.0971465 0
782.358459 0
782.358459 0
782.3613958 0
782.3613958 0
782.3643327 0
782.3643327 0
782.3672696 0
782.3672696 0
782.3702064 68163.0625
782.3702064 68163.0625
782.3731433 307898.5938
782.3731433 307898.5938
782.3760803 805661.375
782.3760803 805661.375
782.3790172 1368510
782.3790172 1368510
782.3819542 1453123.625
782.3819542 1453123.625
782.3848911 1025347.375
782.3848911 1025347.375
782.3878281 520979.5625
782.3878281 520979.5625
782.3907651 38802.64453
782.3907651 38802.64453
782.3920081 0
782.3920081 0
782.3949451 0
782.3949451 0
782.3978822 202908.4531
782.3978822 202908.4531
782.4008192 1076054.875
782.4008192 1076054.875
782.4037563 3673359.5
782.4037563 3673359.5
782.4066934 7211851
782.4066934 7211851
782.4096306 10916176
782.4096306 10916176
782.4125677 10662876
782.4125677 10662876
782.4155048 6885334.5
782.4155048 6885334.5
782.418442 3343694
782.418442 3343694
782.4213792 935966.9375
782.4213792 935966.9375
782.4243164 232710.625
782.4243164 232710.625
782.4272536 168091.7344
782.4272536 168091.7344
782.4301909 166537.1719
782.4301909 166537.1719
782.4331281 103863.7813
782.4331281 103863.7813
782.4359317 0
782.4359317 0
782.438869 0
782.438869 0
782.4418063 0
782.4418063 0
782.4447436 0
782.4447436 0
782.5769401 0
782.5769401 0
782.5798782 0
782.5798782 0
782.5828163 0
782.5828163 0
782.5857544 0
782.5857544 0
782.5886925 67131.08594
782.5886925 67131.08594
782.5916307 178977.875
782.5916307 178977.875
782.5945688 266085.7813
782.5945688 266085.7813
782.597507 263030.9375
782.597507 263030.9375
782.6004452 176103.0625
782.6004452 176103.0625
782.6033834 66420.21094
782.6033834 66420.21094
782.6063217 0
782.6063217 0
782.6092599 0
782.6092599 0
782.6121982 0
782.6121982 0
782.6151365 0
782.6151365 0
782.6445202 0
782.6445202 0
782.6474586 0
782.6474586 0
782.6503971 0
782.6503971 0
782.6533356 0
782.6533356 0
782.6562741 77738.30469
782.6562741 77738.30469
782.6592126 208429.3438
782.6592126 208429.3438
782.6621512 367080.875
782.6621512 367080.875
782.6650897 502220.3438
782.6650897 502220.3438
782.6680283 514143.125
782.6680283 514143.125
782.6709669 426913.1875
782.6709669 426913.1875
782.6739055 257892.375
782.6739055 257892.375
782.6768441 91902.5625
782.6768441 91902.5625
782.6797828 0
782.6797828 0
782.6827215 0
782.6827215 0
782.6856601 0
782.6856601 0
782.6885988 0
782.6885988 0
782.6944763 0
782.6944763 0
782.697415 0
782.697415 0
782.7003538 0
782.7003538 0
782.7032925 0
782.7032925 0
782.7062313 96047.92188
782.7062313 96047.92188
782.7091701 254479.7188
782.7091701 254479.7188
782.712109 420649.5
782.712109 420649.5
782.7150478 462192.1875
782.7150478 462192.1875
782.7179867 298994.1563
782.7179867 298994.1563
782.7209255 128058.0625
782.7209255 128058.0625
782.7238644 66125.17969
782.7238644 66125.17969
782.7268034 0
782.7268034 0
782.7297423 0
782.7297423 0
782.7326812 0
782.7326812 0
782.7356202 0
782.7356202 0
782.7414981 0
782.7414981 0
782.7444372 0
782.7444372 0
782.7473762 0
782.7473762 0
782.7503152 0
782.7503152 0
782.7532543 84217.85938
782.7532543 84217.85938
782.7561933 187123.2031
782.7561933 187123.2031
782.7591324 415281.125
782.7591324 415281.125
782.7620715 351931.9063
782.7620715 351931.9063
782.7650107 150370.0938
782.7650107 150370.0938
782.7679498 72379.92188
782.7679498 72379.92188
782.7700813 0
782.7700813 0
782.7730205 0
782.7730205 0
782.7759597 0
782.7759597 0
782.7788989 0
782.7788989 0
782.8288679 0
782.8288679 0
782.8318074 0
782.8318074 0
782.834747 0
782.834747 0
782.8376865 0
782.8376865 0
782.840626 77627.04688
782.840626 77627.04688
782.8435656 454365.9688
782.8435656 454365.9688
782.8465052 944795.3125
782.8465052 944795.3125
782.8494448 1441498.375
782.8494448 1441498.375
782.8523844 1388088.875
782.8523844 1388088.875
782.8553241 913354.8125
782.8553241 913354.8125
782.8582637 458266.7188
782.8582637 458266.7188
782.8612034 172387.7656
782.8612034 172387.7656
782.8641431 84270.14844
782.8641431 84270.14844
782.8683747 0
782.8683747 0
782.8713144 0
782.8713144 0
782.8742542 0
782.8742542 0
782.8771939 0
782.8771939 0
782.8860133 0
782.8860133 0
782.8889531 0
782.8889531 0
782.8918929 0
782.8918929 0
782.8948328 0
782.8948328 0
782.8977726 0
782.8977726 0
782.9007125 275136.125
782.9007125 275136.125
782.9036524 1015396.438
782.9036524 1015396.438
782.9065923 2693941.25
782.9065923 2693941.25
782.9095323 4515050
782.9095323 4515050
782.9124722 5722857
782.9124722 5722857
782.9154122 4450817.5
782.9154122 4450817.5
782.9183522 2615900
782.9183522 2615900
782.9212922 886145.75
782.9212922 886145.75
782.9242322 123923.75
782.9242322 123923.75
782.9271722 0
782.9271722 0
782.9279622 0
782.9279622 0
782.9309022 0
782.9309022 0
782.9338423 68657.00781
782.9338423 68657.00781
782.9367824 289171.5313
782.9367824 289171.5313
782.9397225 545244.6875
782.9397225 545244.6875
782.9426626 765482.1875
782.9426626 765482.1875
782.9456028 598846.5
782.9456028 598846.5
782.948543 294731.5
782.948543 294731.5
782.9514831 91387.89844
782.9514831 91387.89844
782.9559619 0
782.9559619 0
782.9589021 0
782.9589021 0
782.9618423 0
782.9618423 0
782.9647825 0
782.9647825 0
783.0088883 0
783.0088883 0
783.0118288 0
783.0118288 0
783.0147693 0
783.0147693 0
783.0177098 0
783.0177098 0
783.0206504 11015.21777
783.0206504 11015.21777
783.023591 147726.9688
783.023591 147726.9688
783.0265316 513346.4688
783.0265316 513346.4688
783.0294722 1032303.313
783.0294722 1032303.313
783.0324128 1566760.75
783.0324128 1566760.75
783.0353535 1630915.75
783.0353535 1630915.75
783.0382941 1119093.125
783.0382941 1119093.125
783.0412348 596120.5625
783.0412348 596120.5625
783.0441755 177899.2656
783.0441755 177899.2656
783.0471162 0
783.0471162 0
783.0496711 0
783.0496711 0
783.0526119 0
783.0526119 0
783.0555526 0
783.0555526 0
783.0584934 0
783.0584934 0
783.099666 0
783.099666 0
783.1026071 0
783.1026071 0
783.1055481 0
783.1055481 0
783.1084892 0
783.1084892 0
783.1114303 0
783.1114303 0
783.1143713 188887.6719
783.1143713 188887.6719
783.1173125 657207.5625
783.1173125 657207.5625
783.1202536 1178912.375
783.1202536 1178912.375
783.1231947 1630599.5
783.1231947 1630599.5
783.1261359 1466985.5
783.1261359 1466985.5
783.1290771 945705.3125
783.1290771 945705.3125
783.1320183 451524
783.1320183 451524
783.1349595 103032.2109
783.1349595 103032.2109
783.1384141 0
783.1384141 0
783.1413554 0
783.1413554 0
783.1442966 0
783.1442966 0
783.1472379 0
783.1472379 0
783.3531684 0
783.3531684 0
783.3561108 0
783.3561108 0
783.3590533 0
783.3590533 0
783.3619958 0
783.3619958 0
783.3649383 105726.9375
783.3649383 105726.9375
783.3678808 253330.2344
783.3678808 253330.2344
783.3708233 400072
783.3708233 400072
783.3737659 351231.375
783.3737659 351231.375
783.3767084 160186.2188
783.3767084 160186.2188
783.379651 68207.82031
783.379651 68207.82031
783.3800821 0
783.3800821 0
783.3830247 0
783.3830247 0
783.3859674 0
783.3859674 0
783.38891 0
783.38891 0
783.3918527 0
783.3918527 0
783.3947954 128766.4922
783.3947954 128766.4922
783.3977381 605019.6875
783.3977381 605019.6875
783.4006808 1135021.375
783.4006808 1135021.375
783.4036235 1659829.875
783.4036235 1659829.875
783.4065663 1662444.75
783.4065663 1662444.75
783.4095091 1448383.75
783.4095091 1448383.75
783.4124518 992576.625
783.4124518 992576.625
783.4153946 549416.5625
783.4153946 549416.5625
783.4183375 197037.6406
783.4183375 197037.6406
783.4212803 11672.00586
783.4212803 11672.00586
783.4267693 0
783.4267693 0
783.4297122 0
783.4297122 0
783.4326551 0
783.4326551 0
783.435598 0
783.435598 0
783.6239781 0
783.6239781 0
783.626922 0
783.626922 0
783.629866 0
783.629866 0
783.63281 0
783.63281 0
783.6357541 0
783.6357541 0
783.6386981 127215.0859
783.6386981 127215.0859
783.6416422 483904.2188
783.6416422 483904.2188
783.6445863 909113.4375
783.6445863 909113.4375
783.6475303 1318981.125
783.6475303 1318981.125
783.6504745 1186650.5
783.6504745 1186650.5
783.6534186 729957.8125
783.6534186 729957.8125
783.6563627 314939
783.6563627 314939
783.6593069 80673.13281
783.6593069 80673.13281
783.6622167 0
783.6622167 0
783.6651609 0
783.6651609 0
783.6681051 0
783.6681051 0
783.6710493 0
783.6710493 0
783.8418428 0
783.8418428 0
783.844788 0
783.844788 0
783.8477333 0
783.8477333 0
783.8506785 0
783.8506785 0
783.8536238 87430.94531
783.8536238 87430.94531
783.856569 173643.2344
783.856569 173643.2344
783.8595143 226506.9375
783.8595143 226506.9375
783.8624596 202525.0625
783.8624596 202525.0625
783.8654049 120229.6797
783.8654049 120229.6797
783.8676781 0
783.8676781 0
783.8706234 0
783.8706234 0
783.8735688 0
783.8735688 0
783.8765142 0
783.8765142 0
783.8794596 0
783.8794596 0
783.882405 0
783.882405 0
783.8853504 0
783.8853504 0
783.8882959 0
783.8882959 0
783.8912414 411733.0625
783.8912414 411733.0625
783.8941869 1581360.625
783.8941869 1581360.625
783.8971324 3270154.75
783.8971324 3270154.75
783.9000779 5029647.5
783.9000779 5029647.5
783.9030234 5524711.5
783.9030234 5524711.5
783.905969 4096554
783.905969 4096554
783.9089145 2472345.75
783.9089145 2472345.75
783.9118601 1025370.625
783.9118601 1025370.625
783.9148057 280593.9063
783.9148057 280593.9063
783.9177514 0
783.9177514 0
783.9213694 0
783.9213694 0
783.924315 0
783.924315 0
783.9272607 0
783.9272607 0
783.9302064 0
783.9302064 0
784.0922447 0
784.0922447 0
784.0951914 0
784.0951914 0
784.098138 0
784.098138 0
784.1010846 0
784.1010846 0
784.1040313 118765.1328
784.1040313 118765.1328
784.106978 195727.9844
784.106978 195727.9844
784.1099247 237620.5
784.1099247 237620.5
784.1128714 206525.9219
784.1128714 206525.9219
784.1158181 123544.6797
784.1158181 123544.6797
784.1185674 0
784.1185674 0
784.1215141 0
784.1215141 0
784.1244609 0
784.1244609 0
784.1274077 0
784.1274077 0
784.1303545 0
784.1303545 0
784.1333014 0
784.1333014 0
784.1362482 16960.10547
784.1362482 16960.10547
784.1391951 135802.5156
784.1391951 135802.5156
784.142142 423944.0313
784.142142 423944.0313
784.1450889 797538.5625
784.1450889 797538.5625
784.1480358 1153474.625
784.1480358 1153474.625
784.1509827 1169937.75
784.1509827 1169937.75
784.1539297 822454.5
784.1539297 822454.5
784.1568766 460301.625
784.1568766 460301.625
784.1598236 137204.1563
784.1598236 137204.1563
784.1627706 0
784.1627706 0
784.1659153 0
784.1659153 0
784.1688623 0
784.1688623 0
784.1718094 0
784.1718094 0
784.1747565 0
784.1747565 0
784.3545589 0
784.3545589 0
784.357507 0
784.357507 0
784.3604551 0
784.3604551 0
784.3634032 0
784.3634032 0
784.3663514 66752.16406
784.3663514 66752.16406
784.3692995 260835.9063
784.3692995 260835.9063
784.3722477 360797.3125
784.3722477 360797.3125
784.3751959 409800.1875
784.3751959 409800.1875
784.3781441 376413.7813
784.3781441 376413.7813
784.3810924 162867.4531
784.3810924 162867.4531
784.3840406 35908.48047
784.3840406 35908.48047
784.3872307 35151.95703
784.3872307 35151.95703
784.390179 313233.7188
784.390179 313233.7188
784.3931273 1300698.5
784.3931273 1300698.5
784.3960756 3909658
784.3960756 3909658
784.399024 7099415.5
784.399024 7099415.5
784.4019723 10175197
784.4019723 10175197
784.4049207 9349863
784.4049207 9349863
784.407869 5917769.5
784.407869 5917769.5
784.4108174 2737027.75
784.4108174 2737027.75
784.4137659 730029.75
784.4137659 730029.75
784.4167143 66026.67969
784.4167143 66026.67969
784.419421 0
784.419421 0
784.4223695 0
784.4223695 0
784.4253179 0
784.4253179 0
784.4282664 0
784.4282664 0
784.6022571 0
784.6022571 0
784.6052066 0
784.6052066 0
784.6081561 0
784.6081561 0
784.6111056 0
784.6111056 0
784.6140551 57866.21094
784.6140551 57866.21094
784.6170047 163147.625
784.6170047 163147.625
784.6199543 310587.3125
784.6199543 310587.3125
784.6229039 443524.8125
784.6229039 443524.8125
784.6258535 405363.625
784.6258535 405363.625
784.6288031 248143.0469
784.6288031 248143.0469
784.6317527 87642.10156
784.6317527 87642.10156
784.6347025 0
784.6347025 0
784.6376522 0
784.6376522 0
784.6406018 0
784.6406018 0
784.6435516 0
784.6435516 0
784.7438516 0
784.7438516 0
784.7468018 0
784.7468018 0
784.7497522 0
784.7497522 0
784.7527025 0
784.7527025 0
784.7556528 49453.09766
784.7556528 49453.09766
784.7586032 140356.3906
784.7586032 140356.3906
784.7615536 345158.1563
784.7615536 345158.1563
784.7645039 421094.6563
784.7645039 421094.6563
784.7674543 330318.3125
784.7674543 330318.3125
784.7704048 137349
784.7704048 137349
784.7733552 54886.30078
784.7733552 54886.30078
784.7763057 0
784.7763057 0
784.7792562 0
784.7792562 0
784.7822067 0
784.7822067 0
784.7851572 0
784.7851572 0
784.8530235 0
784.8530235 0
784.8559744 0
784.8559744 0
784.8589253 0
784.8589253 0
784.8618762 0
784.8618762 0
784.8648272 109184.8203
784.8648272 109184.8203
784.8677782 303797.1875
784.8677782 303797.1875
784.8707292 553197.1875
784.8707292 553197.1875
784.8736802 822885.375
784.8736802 822885.375
784.8766312 1058170.625
784.8766312 1058170.625
784.8795822 891413.125
784.8795822 891413.125
784.8825333 471154.8125
784.8825333 471154.8125
784.8854844 137124.0156
784.8854844 137124.0156
784.8880095 157685.2031
784.8880095 157685.2031
784.8909606 1068823.5
784.8909606 1068823.5
784.8939117 3914891
784.8939117 3914891
784.8968628 7945129.5
784.8968628 7945129.5
784.899814 12265408
784.899814 12265408
784.9027652 12619920
784.9027652 12619920
784.9057164 8518824
784.9057164 8518824
784.9086676 4549003
784.9086676 4549003
784.9116188 1501899
784.9116188 1501899
784.91457 302409.9063
784.91457 302409.9063
784.9175213 0
784.9175213 0
784.9208987 0
784.9208987 0
784.92385 0
784.92385 0
784.9268013 0
784.9268013 0
784.9297526 0
784.9297526 0
785.0832443 0
785.0832443 0
785.0861965 0
785.0861965 0
785.0891487 0
785.0891487 0
785.092101 0
785.092101 0
785.0950532 155809.1406
785.0950532 155809.1406
785.0980055 224594.6094
785.0980055 224594.6094
785.1009578 237406.0313
785.1009578 237406.0313
785.1039101 184761.9844
785.1039101 184761.9844
785.1068624 106850.7109
785.1068624 106850.7109
785.1098148 0
785.1098148 0
785.1127671 0
785.1127671 0
785.1157195 0
785.1157195 0
785.1186719 0
785.1186719 0
785.1216243 141355.3281
785.1216243 141355.3281
785.1245767 240285.375
785.1245767 240285.375
785.1275292 278253.7188
785.1275292 278253.7188
785.1304816 229463.3906
785.1304816 229463.3906
785.1334341 135216.4844
785.1334341 135216.4844
785.1361171 0
785.1361171 0
785.1390696 0
785.1390696 0
785.1420222 0
785.1420222 0
785.1449747 0
785.1449747 0
785.3664626 0
785.3664626 0
785.3694164 0
785.3694164 0
785.3723702 0
785.3723702 0
785.375324 0
785.375324 0
785.3782779 101782.2344
785.3782779 101782.2344
785.3812317 166508.3125
785.3812317 166508.3125
785.3841856 176322.7344
785.3841856 176322.7344
785.3871395 299738.5625
785.3871395 299738.5625
785.3900935 1271966.25
785.3900935 1271966.25
785.3930474 4435482
785.3930474 4435482
785.3960013 9205169
785.3960013 9205169
785.3989553 14298884
785.3989553 14298884
785.4019093 14975610
785.4019093 14975610
785.4048633 10168128
785.4048633 10168128
785.4078173 5422004
785.4078173 5422004
785.4107714 1781922.25
785.4107714 1781922.25
785.4137254 453837.125
785.4137254 453837.125
785.4166795 26632.31836
785.4166795 26632.31836
785.4199033 0
785.4199033 0
785.4228574 0
785.4228574 0
785.4258116 0
785.4258116 0
785.4287657 0
785.4287657 0
785.6296862 0
785.6296862 0
785.6326415 0
785.6326415 0
785.6355968 0
785.6355968 0
785.6385521 0
785.6385521 0
785.6415074 124710.1094
785.6415074 124710.1094
785.6444628 216089.2344
785.6444628 216089.2344
785.6474181 241628.7188
785.6474181 241628.7188
785.6503735 192327.3125
785.6503735 192327.3125
785.6533289 113785.6094
785.6533289 113785.6094
785.6561172 0
785.6561172 0
785.6590726 0
785.6590726 0
785.6620281 0
785.6620281 0
785.6649836 0
785.6649836 0
785.871908 0
785.871908 0
785.8748647 0
785.8748647 0
785.8778213 0
785.8778213 0
785.880778 0
785.880778 0
785.8837347 100214.3516
785.8837347 100214.3516
785.8866915 368391.4063
785.8866915 368391.4063
785.8896482 1740088.375
785.8896482 1740088.375
785.892605 5586059.5
785.892605 5586059.5
785.8955617 10497309
785.8955617 10497309
785.8985185 15482741
785.8985185 15482741
785.9014753 14995323
785.9014753 14995323
785.9044321 9839274
785.9044321 9839274
785.907389 4977101
785.907389 4977101
785.9103458 1580620.625
785.9103458 1580620.625
785.9133027 301260.6875
785.9133027 301260.6875
785.9162596 0
785.9162596 0
785.9193839 0
785.9193839 0
785.9223408 0
785.9223408 0
785.9252978 0
785.9252978 0
785.9282547 0
785.9282547 0
785.9962693 0
785.9962693 0
785.9992267 0
785.9992267 0
786.002184 0
786.002184 0
786.0051414 0
786.0051414 0
786.0080988 93875.63281
786.0080988 93875.63281
786.0110563 189071
786.0110563 189071
786.0140137 328885.0313
786.0140137 328885.0313
786.0169712 210968.7188
786.0169712 210968.7188
786.0199286 114749.1875
786.0199286 114749.1875
786.0228861 32915.45313
786.0228861 32915.45313
786.0258436 0
786.0258436 0
786.0288012 121730.0859
786.0288012 121730.0859
786.0317587 231453.875
786.0317587 231453.875
786.0347163 270747.125
786.0347163 270747.125
786.0376738 211983.1094
786.0376738 211983.1094
786.0406314 108491.6797
786.0406314 108491.6797
786.043321 0
786.043321 0
786.0462786 0
786.0462786 0
786.0492363 0
786.0492363 0
786.0521939 0
786.0521939 0
786.3717192 0
786.3717192 0
786.3746787 0
786.3746787 0
786.3776381 0
786.3776381 0
786.3805977 0
786.3805977 0
786.3835572 0
786.3835572 0
786.3865167 425309.7188
786.3865167 425309.7188
786.3894763 2085983
786.3894763 2085983
786.3924359 6044830.5
786.3924359 6044830.5
786.3953955 10277739
786.3953955 10277739
786.3983551 13553587
786.3983551 13553587
786.4013147 11209703
786.4013147 11209703
786.4042743 6943360
786.4042743 6943360
786.407234 2917645.75
786.407234 2917645.75
786.4101937 1030356.25
786.4101937 1030356.25
786.4131534 422332.9063
786.4131534 422332.9063
786.4161131 336826.0313
786.4161131 336826.0313
786.4190728 249260.8281
786.4190728 249260.8281
786.4220326 95897.39063
786.4220326 95897.39063
786.4252607 0
786.4252607 0
786.4282205 0
786.4282205 0
786.4311803 0
786.4311803 0
786.4341401 0
786.4341401 0
786.6176811 0
786.6176811 0
786.6206419 0
786.6206419 0
786.6236028 0
786.6236028 0
786.6265637 0
786.6265637 0
786.6295246 54307.02734
786.6295246 54307.02734
786.6324856 169342.0781
786.6324856 169342.0781
786.6354465 321159.5938
786.6354465 321159.5938
786.6384075 401265.8438
786.6384075 401265.8438
786.6413685 268834.0938
786.6413685 268834.0938
786.6443294 104021.6563
786.6443294 104021.6563
786.6471296 0
786.6471296 0
786.6500907 0
786.6500907 0
786.6530517 0
786.6530517 0
786.6560128 0
786.6560128 0
786.8722157 0
786.8722157 0
786.875178 0
786.875178 0
786.8781403 0
786.8781403 0
786.8811027 0
786.8811027 0
786.884065 63536.32813
786.884065 63536.32813
786.8870274 879595.9375
786.8870274 879595.9375
786.8899898 2889572.5
786.8899898 2889572.5
786.8929522 5752420
786.8929522 5752420
786.8959146 8783828
786.8959146 8783828
786.898877 9334099
786.898877 9334099
786.9018395 6575096
786.9018395 6575096
786.9048019 3731670.75
786.9048019 3731670.75
786.9077644 1351008.25
786.9077644 1351008.25
786.9107269 311268.75
786.9107269 311268.75
786.9136895 0
786.9136895 0
786.9168131 0
786.9168131 0
786.9197756 0
786.9197756 0
786.9227382 0
786.9227382 0
786.9257008 0
786.9257008 0
787.0234755 0
787.0234755 0
787.0264387 0
787.0264387 0
787.0294019 0
787.0294019 0
787.0323651 0
787.0323651 0
787.0353283 136578.6563
787.0353283 136578.6563
787.0382915 236724.5469
787.0382915 236724.5469
787.0412547 281949.5625
787.0412547 281949.5625
787.044218 232254.25
787.044218 232254.25
787.0471813 122210.625
787.0471813 122210.625
787.0501447 0
787.0501447 0
787.053108 0
787.053108 0
787.0560714 0
787.0560714 0
787.0590347 0
787.0590347 0
787.3317336 0
787.3317336 0
787.3346985 0
787.3346985 0
787.3376634 0
787.3376634 0
787.3406283 0
787.3406283 0
787.3435933 107297.8906
787.3435933 107297.8906
787.3465583 193454.8438
787.3465583 193454.8438
787.3495232 270641.5938
787.3495232 270641.5938
787.3524882 285072.6563
787.3524882 285072.6563
787.3554533 201187.7031
787.3554533 201187.7031
787.3584183 7658.118652
787.3584183 7658.118652
787.3610671 0
787.3610671 0
787.3640322 0
787.3640322 0
787.3669972 0
787.3669972 0
787.3699623 0
787.3699623 0
787.3729275 0
787.3729275 0
787.3758926 0
787.3758926 0
787.3788577 0
787.3788577 0
787.3818229 0
787.3818229 0
787.3847881 204806.0938
787.3847881 204806.0938
787.3877533 1019067.25
787.3877533 1019067.25
787.3907185 2369779.5
787.3907185 2369779.5
787.3936837 3837848
787.3936837 3837848
787.396649 4920285.5
787.396649 4920285.5
787.3996142 4306549
787.3996142 4306549
787.4025795 2827654.75
787.4025795 2827654.75
787.4055448 1466555.125
787.4055448 1466555.125
787.4085101 496596.1875
787.4085101 496596.1875
787.4114755 0
787.4114755 0
787.4147571 0
787.4147571 0
787.4177225 48594.28125
787.4177225 48594.28125
787.4206878 218765.4063
787.4206878 218765.4063
787.4236532 206156.5938
787.4236532 206156.5938
787.4266187 152803.5938
787.4266187 152803.5938
787.4295841 62468.10156
787.4295841 62468.10156
787.4325497 0
787.4325497 0
787.4355152 0
787.4355152 0
787.4384807 0
787.4384807 0
787.4414462 0
787.4414462 0
787.7232451 0
787.7232451 0
787.7262122 0
787.7262122 0
787.7291793 0
787.7291793 0
787.7321465 0
787.7321465 0
787.7351136 146215.2344
787.7351136 146215.2344
787.7380808 258989.4844
787.7380808 258989.4844
787.741048 317741.1563
787.741048 317741.1563
787.7440152 268728.8125
787.7440152 268728.8125
787.7469824 147532.9063
787.7469824 147532.9063
787.7489508 0
787.7489508 0
787.7519181 0
787.7519181 0
787.7548853 0
787.7548853 0
787.7578526 0
787.7578526 0
787.8706222 0
787.8706222 0
787.8735902 0
787.8735902 0
787.8765581 0
787.8765581 0
787.8795261 0
787.8795261 0
787.8824941 0
787.8824941 0
787.8854621 242161.3906
787.8854621 242161.3906
787.8884301 932351.5625
787.8884301 932351.5625
787.8913982 1773328.5
787.8913982 1773328.5
787.8943663 2620701
787.8943663 2620701
787.8973343 2618861
787.8973343 2618861
787.9003024 1846856.75
787.9003024 1846856.75
787.9032705 1072016.125
787.9032705 1072016.125
787.9062387 488921.4063
787.9062387 488921.4063
787.9092068 231229.7031
787.9092068 231229.7031
787.912175 136555.9531
787.912175 136555.9531
787.9151432 122161.9297
787.9151432 122161.9297
787.9181114 108354.2031
787.9181114 108354.2031
787.9220786 0
787.9220786 0
787.9250468 0
787.9250468 0
787.9280151 0
787.9280151 0
787.9309833 0
787.9309833 0
787.9339516 0
787.9339516 0
787.9369199 92185.86719
787.9369199 92185.86719
787.9398882 176850.5156
787.9398882 176850.5156
787.9428566 244505.6563
787.9428566 244505.6563
787.9458249 238989.9531
787.9458249 238989.9531
787.9487933 162275.7813
787.9487933 162275.7813
787.9517617 0
787.9517617 0
787.9547301 0
787.9547301 0
787.9576986 0
787.9576986 0
787.960667 0
787.960667 0
788.0556657 0
788.0556657 0
788.0586347 0
788.0586347 0
788.0616037 0
788.0616037 0
788.0645727 0
788.0645727 0
788.0675418 76926.25
788.0675418 76926.25
788.0705108 177873.125
788.0705108 177873.125
788.0734799 235008.375
788.0734799 235008.375
788.076449 189950.4531
788.076449 189950.4531
788.0794181 86070.51563
788.0794181 86070.51563
788.0823873 0
788.0823873 0
788.0853564 0
788.0853564 0
788.0883256 0
788.0883256 0
788.0912948 0
788.0912948 0
788.1981961 0
788.1981961 0
788.2011659 0
788.2011659 0
788.2041357 0
788.2041357 0
788.2071056 0
788.2071056 0
788.2100754 133311.2813
788.2100754 133311.2813
788.2130453 203744.3594
788.2130453 203744.3594
788.2160151 241266.0625
788.2160151 241266.0625
788.218985 212135.125
788.218985 212135.125
788.2219549 134228.6563
788.2219549 134228.6563
788.224925 0
788.224925 0
788.2278949 0
788.2278949 0
788.2308649 0
788.2308649 0
788.2338348 0
788.2338348 0
788.3377946 0
788.3377946 0
788.3407652 0
788.3407652 0
788.3437358 0
788.3437358 0
788.3467064 0
788.3467064 0
788.349677 53248.79297
788.349677 53248.79297
788.3526477 142601.875
788.3526477 142601.875
788.3556184 350313.125
788.3556184 350313.125
788.358589 401806.9063
788.358589 401806.9063
788.3615597 249967.3281
788.3615597 249967.3281
788.3645305 62396.66797
788.3645305 62396.66797
788.3678497 0
788.3678497 0
788.3708205 0
788.3708205 0
788.3737912 0
788.3737912 0
788.376762 0
788.376762 0
788.3797328 0
788.3797328 0
788.3827036 36535.15625
788.3827036 36535.15625
788.3856745 196262.1563
788.3856745 196262.1563
788.3886453 471243.0625
788.3886453 471243.0625
788.3916162 817760.4375
788.3916162 817760.4375
788.3945871 1146225.125
788.3945871 1146225.125
788.397558 1123654.125
788.397558 1123654.125
788.4005289 795914.5625
788.4005289 795914.5625
788.4034998 457240.625
788.4034998 457240.625
788.4064708 212760.1875
788.4064708 212760.1875
788.4094418 125145.8672
788.4094418 125145.8672
788.4124127 87382.92188
788.4124127 87382.92188
788.4150354 0
788.4150354 0
788.4180064 0
788.4180064 0
788.4209774 0
788.4209774 0
788.4239485 0
788.4239485 0
788.5844102 0
788.5844102 0
788.5873822 0
788.5873822 0
788.5903542 0
788.5903542 0
788.5933262 0
788.5933262 0
788.5962982 32532.46484
788.5962982 32532.46484
788.5992703 133131.875
788.5992703 133131.875
788.6022423 290434.4063
788.6022423 290434.4063
788.6052144 468534.2188
788.6052144 468534.2188
788.6081865 505526.3438
788.6081865 505526.3438
788.6111586 328621.0938
788.6111586 328621.0938
788.6141307 146954.3594
788.6141307 146954.3594
788.6171029 45998.88281
788.6171029 45998.88281
788.6200751 0
788.6200751 0
788.6230473 0
788.6230473 0
788.6260194 0
788.6260194 0
788.6289917 0
788.6289917 0
788.6735768 0
788.6735768 0
788.6765493 0
788.6765493 0
788.6795218 0
788.6795218 0
788.6824943 0
788.6824943 0
788.6854669 89752.10156
788.6854669 89752.10156
788.6884394 214752.8438
788.6884394 214752.8438
788.691412 340046.0313
788.691412 340046.0313
788.6943846 193969.5156
788.6943846 193969.5156
788.6973571 91413.92188
788.6973571 91413.92188
788.7003298 0
788.7003298 0
788.7033024 0
788.7033024 0
788.7062751 0
788.7062751 0
788.7092478 0
788.7092478 0
788.7538397 0
788.7538397 0
788.7568127 0
788.7568127 0
788.7597856 0
788.7597856 0
788.7627586 0
788.7627586 0
788.7657316 103252.8828
788.7657316 103252.8828
788.7687046 174385.9375
788.7687046 174385.9375
788.7716776 213890.3594
788.7716776 213890.3594
788.7746506 190941.5469
788.7746506 190941.5469
788.7776237 112437.0313
788.7776237 112437.0313
788.7805968 0
788.7805968 0
788.7835699 0
788.7835699 0
788.786543 0
788.786543 0
788.7895161 0
788.7895161 0
788.8400617 0
788.8400617 0
788.8430351 0
788.8430351 0
788.8460086 0
788.8460086 0
788.848982 0
788.848982 0
788.8519555 94036.125
788.8519555 94036.125
788.854929 187502.7031
788.854929 187502.7031
788.8579025 307191.3438
788.8579025 307191.3438
788.860876 193045.875
788.860876 193045.875
788.8638495 96767.92188
788.8638495 96767.92188
788.8668231 0
788.8668231 0
788.8697967 0
788.8697967 0
788.8727703 0
788.8727703 0
788.8757439 0
788.8757439 0
788.8787175 0
788.8787175 0
788.8816911 0
788.8816911 0
788.8846648 21966.30078
788.8846648 21966.30078
788.8876385 150905.2031
788.8876385 150905.2031
788.8906122 359711.1563
788.8906122 359711.1563
788.8935859 566486
788.8935859 566486
788.8965596 613208.625
788.8965596 613208.625
788.8995333 466857.9375
788.8995333 466857.9375
788.9025071 289787.125
788.9025071 289787.125
788.9054809 77233.25781
788.9054809 77233.25781
788.9084547 0
788.9084547 0
788.9114286 0
788.9114286 0
788.9144024 0
788.9144024 0
788.9173762 0
788.9173762 0
789.0214713 0
789.0214713 0
789.0244457 0
789.0244457 0
789.0274202 0
789.0274202 0
789.0303947 0
789.0303947 0
789.0333692 98074.21875
789.0333692 98074.21875
789.0363437 198363.8594
789.0363437 198363.8594
789.0393182 252577.6875
789.0393182 252577.6875
789.0422927 228214.2344
789.0422927 228214.2344
789.0452673 152687.5156
789.0452673 152687.5156
789.0482419 0
789.0482419 0
789.0512165 0
789.0512165 0
789.0541911 0
789.0541911 0
789.0571658 0
789.0571658 0
789.0898878 0
789.0898878 0
789.0928627 0
789.0928627 0
789.0958375 0
789.0958375 0
789.0988124 0
789.0988124 0
789.1017873 58815.99219
789.1017873 58815.99219
789.1047622 164010.9063
789.1047622 164010.9063
789.1077371 401598.3125
789.1077371 401598.3125
789.110712 357047.7813
789.110712 357047.7813
789.113687 185784.3281
789.113687 185784.3281
789.116662 32049.09961
789.116662 32049.09961
789.119637 0
789.119637 0
789.122612 0
789.122612 0
789.125587 0
789.125587 0
789.128562 0
789.128562 0
789.1315371 129562.4453
789.1315371 129562.4453
789.1345121 188824.0625
789.1345121 188824.0625
789.1374872 235171.4063
789.1374872 235171.4063
789.1404623 237208.0469
789.1404623 237208.0469
789.1434374 176077.9844
789.1434374 176077.9844
789.1464126 81182.14063
789.1464126 81182.14063
789.1493879 0
789.1493879 0
789.152363 0
789.152363 0
789.1553382 0
789.1553382 0
789.1583134 0
789.1583134 0
789.3428089 0
789.3428089 0
789.3457852 0
789.3457852 0
789.3487615 0
789.3487615 0
789.3517378 0
789.3517378 0
789.3547141 129203.9844
789.3547141 129203.9844
789.3576904 244523.6875
789.3576904 244523.6875
789.3606668 321345.25
789.3606668 321345.25
789.3636431 310147
789.3636431 310147
789.3666195 217491.1719
789.3666195 217491.1719
789.3695959 98594.4375
789.3695959 98594.4375
789.3726712 0
789.3726712 0
789.3756476 0
789.3756476 0
789.378624 0
789.378624 0
789.3816005 0
789.3816005 0
789.384577 0
789.384577 0
789.3875535 0
789.3875535 0
789.39053 0
789.39053 0
789.3935065 0
789.3935065 0
789.3964831 60579.44141
789.3964831 60579.44141
789.3994597 117942
789.3994597 117942
789.4024362 389001.0625
789.4024362 389001.0625
789.4054128 704188.375
789.4054128 704188.375
789.4083895 909069.0625
789.4083895 909069.0625
789.4113661 668464.125
789.4113661 668464.125
789.4143427 361465.0625
789.4143427 361465.0625
789.4173194 88440.09375
789.4173194 88440.09375
789.4201975 0
789.4201975 0
789.4231742 0
789.4231742 0
789.4261509 0
789.4261509 0
789.4291276 0
789.4291276 0
789.6732773 0
789.6732773 0
789.6762554 0
789.6762554 0
789.6792335 0
789.6792335 0
789.6822117 0
789.6822117 0
789.6851899 47129.59375
789.6851899 47129.59375
789.6881681 185870.5313
789.6881681 185870.5313
789.6911463 334001.9375
789.6911463 334001.9375
789.6941245 428697.3438
789.6941245 428697.3438
789.6971028 309944.125
789.6971028 309944.125
789.7000811 162851.9844
789.7000811 162851.9844
789.7030593 64546.37109
789.7030593 64546.37109
789.7060378 0
789.7060378 0
789.7090161 0
789.7090161 0
789.7119944 0
789.7119944 0
789.7149728 0
789.7149728 0
789.8609327 0
789.8609327 0
789.8639119 0
789.8639119 0
789.8668911 0
789.8668911 0
789.8698703 0
789.8698703 0
789.8728496 93736.67969
789.8728496 93736.67969
789.8758288 470096.875
789.8758288 470096.875
789.8788081 1668606.625
789.8788081 1668606.625
789.8817874 3166593.25
789.8817874 3166593.25
789.8847667 4609397.5
789.8847667 4609397.5
789.887746 4196679
789.887746 4196679
789.8907254 2637340
789.8907254 2637340
789.8937048 1228517.5
789.8937048 1228517.5
789.8966841 386940.875
789.8966841 386940.875
789.8996635 154421.4063
789.8996635 154421.4063
789.902643 242890.0625
789.902643 242890.0625
789.9056224 487562.1563
789.9056224 487562.1563
789.9086018 709341.1875
789.9086018 709341.1875
789.9115813 662660.3125
789.9115813 662660.3125
789.9145608 394808.1563
789.9145608 394808.1563
789.9175403 162855.7031
789.9175403 162855.7031
789.9205198 12346.76465
789.9205198 12346.76465
789.9234994 0
789.9234994 0
789.926479 0
789.926479 0
789.9294586 0
789.9294586 0
789.9324381 0
789.9324381 0
790.0873997 0
790.0873997 0
790.0903802 0
790.0903802 0
790.0933607 0
790.0933607 0
790.0963412 0
790.0963412 0
790.0993217 93479.13281
790.0993217 93479.13281
790.1023022 191185.625
790.1023022 191185.625
790.1052828 282250.375
790.1052828 282250.375
790.1082634 306823.2188
790.1082634 306823.2188
790.111244 238287.7188
790.111244 238287.7188
790.1142246 123947.2578
790.1142246 123947.2578
790.1172053 0
790.1172053 0
790.120186 0
790.120186 0
790.1231666 0
790.1231666 0
790.1261473 0
790.1261473 0
790.287129 0
790.287129 0
790.2901106 0
790.2901106 0
790.2930922 0
790.2930922 0
790.2960739 0
790.2960739 0
790.2990555 0
790.2990555 0
790.3020372 0
790.3020372 0
790.3050189 0
790.3050189 0
790.3080006 0
790.3080006 0
790.3109823 0
790.3109823 0
790.3139641 0
790.3139641 0
790.3169459 0
790.3169459 0
790.3199276 0
790.3199276 0
790.3229094 0
790.3229094 0
790.3258912 0
790.3258912 0
790.3288731 0
790.3288731 0
790.3318549 0
790.3318549 0
790.3348368 0
790.3348368 0
790.3378186 0
790.3378186 0
790.3408005 0
790.3408005 0
790.3437825 0
790.3437825 0
790.3467644 0
790.3467644 0
790.3496961 0
790.3496961 0
790.3526781 0
790.3526781 0
790.3556601 0
790.3556601 0
790.358642 0
790.358642 0
790.3616241 77585.53906
790.3616241 77585.53906
790.3646061 1475446
790.3646061 1475446
790.3675881 2644431.5
790.3675881 2644431.5
790.3705702 4082159.75
790.3705702 4082159.75
790.3735523 13341774
790.3735523 13341774
790.3765344 44896788
790.3765344 44896788
790.3795165 91418872
790.3795165 91418872
790.3824986 140930640
790.3824986 140930640
790.3854808 142399824
790.3854808 142399824
790.3884629 93305880
790.3884629 93305880
790.3914451 46827412
790.3914451 46827412
790.3944273 13974259
790.3944273 13974259
790.3974095 3709236.25
790.3974095 3709236.25
790.4003917 1461449.125
790.4003917 1461449.125
790.403374 187107.5781
790.403374 187107.5781
790.4063563 0
790.4063563 0
790.4093888 0
790.4093888 0
790.4123711 0
790.4123711 0
790.4153534 0
790.4153534 0
790.4183358 0
790.4183358 0
790.4213181 0
790.4213181 0
790.4243005 0
790.4243005 0
790.4272828 0
790.4272828 0
790.4302652 0
790.4302652 0
790.4332477 0
790.4332477 0
790.4362302 0
790.4362302 0
790.4392127 0
790.4392127 0
790.4421951 0
790.4421951 0
790.4451776 0
790.4451776 0
790.6211741 0
790.6211741 0
790.6241576 0
790.6241576 0
790.6271411 0
790.6271411 0
790.6301246 0
790.6301246 0
790.6331082 145761.6406
790.6331082 145761.6406
790.6360917 250542.4844
790.6360917 250542.4844
790.6390753 320149.1563
790.6390753 320149.1563
790.6420589 318443.25
790.6420589 318443.25
790.6450425 238677.4688
790.6450425 238677.4688
790.6480262 121185.8516
790.6480262 121185.8516
790.6510099 0
790.6510099 0
790.6539935 0
790.6539935 0
790.6569772 0
790.6569772 0
790.6599609 0
790.6599609 0
790.6838311 0
790.6838311 0
790.686815 0
790.686815 0
790.6897988 0
790.6897988 0
790.6927827 0
790.6927827 0
790.6957666 90336.55469
790.6957666 90336.55469
790.6987505 188805.9063
790.6987505 188805.9063
790.7017345 468813.3125
790.7017345 468813.3125
790.7047184 459135.4375
790.7047184 459135.4375
790.7077024 272571.2813
790.7077024 272571.2813
790.7106864 90942.55469
790.7106864 90942.55469
790.7136705 0
790.7136705 0
790.7166545 0
790.7166545 0
790.7196385 0
790.7196385 0
790.7226226 0
790.7226226 0
790.8240905 0
790.8240905 0
790.8270751 0
790.8270751 0
790.8300598 0
790.8300598 0
790.8330445 0
790.8330445 0
790.8360292 0
790.8360292 0
790.8390139 0
790.8390139 0
790.8419986 0
790.8419986 0
790.8449834 0
790.8449834 0
790.8479681 0
790.8479681 0
790.8509135 0
790.8509135 0
790.8538983 0
790.8538983 0
790.8568831 0
790.8568831 0
790.8598679 0
790.8598679 0
790.8628528 0
790.8628528 0
790.8658376 940047.4375
790.8658376 940047.4375
790.8688225 1882780.75
790.8688225 1882780.75
790.8718074 3193886.75
790.8718074 3193886.75
790.8747923 10737122
790.8747923 10737122
790.8777773 35922072
790.8777773 35922072
790.8807622 72774984
790.8807622 72774984
790.8837472 111963944
790.8837472 111963944
790.8867322 112950264
790.8867322 112950264
790.8897172 74025440
790.8897172 74025440
790.8927022 37178436
790.8927022 37178436
790.8956872 11143425
790.8956872 11143425
790.8986723 2898804.75
790.8986723 2898804.75
790.9016574 1003663.438
790.9016574 1003663.438
790.9046424 0
790.9046424 0
790.907667 0
790.907667 0
790.9106521 0
790.9106521 0
790.9136373 0
790.9136373 0
790.9166224 0
790.9166224 0
790.9196076 0
790.9196076 0
790.9225928 0
790.9225928 0
790.925578 0
790.925578 0
790.9285632 0
790.9285632 0
790.9315485 0
790.9315485 0
790.9345337 0
790.9345337 0
790.9390192 0
790.9390192 0
790.9420045 0
790.9420045 0
790.9449898 0
790.9449898 0
790.9479751 0
790.9479751 0
791.0106708 0
791.0106708 0
791.0136565 0
791.0136565 0
791.0166422 0
791.0166422 0
791.0196279 0
791.0196279 0
791.0226137 63073.49219
791.0226137 63073.49219
791.0255995 152039.8594
791.0255995 152039.8594
791.0285852 422459.25
791.0285852 422459.25
791.031571 709060.1875
791.031571 709060.1875
791.0345568 903557.75
791.0345568 903557.75
791.0375427 696642.625
791.0375427 696642.625
791.0405285 392458.3125
791.0405285 392458.3125
791.0435144 78379.17969
791.0435144 78379.17969
791.0450918 0
791.0450918 0
791.0480777 0
791.0480777 0
791.0510636 0
791.0510636 0
791.0540495 0
791.0540495 0
791.3497404 0
791.3497404 0
791.352728 0
791.352728 0
791.3557156 0
791.3557156 0
791.3587033 0
791.3587033 0
791.3616909 31966.79883
791.3616909 31966.79883
791.3646786 344322.6563
791.3646786 344322.6563
791.3676663 819097.75
791.3676663 819097.75
791.3706541 1136223.75
791.3706541 1136223.75
791.3736418 1734700.75
791.3736418 1734700.75
791.3766296 5262372.5
791.3766296 5262372.5
791.3796173 16984802
791.3796173 16984802
791.3826051 32883558
791.3826051 32883558
791.3855929 49087616
791.3855929 49087616
791.3885808 46815512
791.3885808 46815512
791.3915686 29756712
791.3915686 29756712
791.3945565 13962053
791.3945565 13962053
791.3975443 3911170.75
791.3975443 3911170.75
791.4005322 934489.875
791.4005322 934489.875
791.4035201 421823.2813
791.4035201 421823.2813
791.4065081 28316.55078
791.4065081 28316.55078
791.4095084 0
791.4095084 0
791.4124963 0
791.4124963 0
791.4154843 0
791.4154843 0
791.4184723 0
791.4184723 0
791.8578916 0
791.8578916 0
791.8608821 0
791.8608821 0
791.8638726 0
791.8638726 0
791.8668631 0
791.8668631 0
791.8698537 92806.94531
791.8698537 92806.94531
791.8728442 207857.1563
791.8728442 207857.1563
791.8758348 669748.8125
791.8758348 669748.8125
791.8788254 2302611.25
791.8788254 2302611.25
791.881816 6889782
791.881816 6889782
791.8848067 12104718
791.8848067 12104718
791.8877973 16488014
791.8877973 16488014
791.890788 13813123
791.890788 13813123
791.8937787 8341872.5
791.8937787 8341872.5
791.8967694 3289569.75
791.8967694 3289569.75
791.8997601 864380.75
791.8997601 864380.75
791.9027508 171005.75
791.9027508 171005.75
791.9057416 89977.8125
791.9057416 89977.8125
791.9086291 0
791.9086291 0
791.9116199 0
791.9116199 0
791.9146107 0
791.9146107 0
791.9176015 0
791.9176015 0
792.35145 0
792.35145 0
792.3544433 0
792.3544433 0
792.3574367 0
792.3574367 0
792.36043 0
792.36043 0
792.3634233 79766.10156
792.3634233 79766.10156
792.3664167 221734.8594
792.3664167 221734.8594
792.3694101 253651
792.3694101 253651
792.3724035 157567.9375
792.3724035 157567.9375
792.3753969 48715.30859
792.3753969 48715.30859
792.3778817 190551.3125
792.3778817 190551.3125
792.3808752 831775.125
792.3808752 831775.125
792.3838686 2337618
792.3838686 2337618
792.3868621 3916183.75
792.3868621 3916183.75
792.3898556 5055477.5
792.3898556 5055477.5
792.3928491 4047960
792.3928491 4047960
792.3958427 2446943
792.3958427 2446943
792.3988362 988560.125
792.3988362 988560.125
792.4018298 290581.4688
792.4018298 290581.4688
792.4048234 26187.12305
792.4048234 26187.12305
792.4082274 0
792.4082274 0
792.411221 0
792.411221 0
792.4142146 0
792.4142146 0
792.4172083 0
792.4172083 0
792.7076733 0
792.7076733 0
792.7106686 0
792.7106686 0
792.7136639 0
792.7136639 0
792.7166593 0
792.7166593 0
792.7196547 54210.52734
792.7196547 54210.52734
792.72265 346458.9375
792.72265 346458.9375
792.7256454 935772.5
792.7256454 935772.5
792.7286409 1566637.375
792.7286409 1566637.375
792.7316363 1880095.125
792.7316363 1880095.125
792.7346318 1394521.125
792.7346318 1394521.125
792.7376272 800334.25
792.7376272 800334.25
792.7406227 251760.3906
792.7406227 251760.3906
792.7436182 33643.12109
792.7436182 33643.12109
792.7448635 0
792.7448635 0
792.7478591 0
792.7478591 0
792.7508546 0
792.7508546 0
792.7538502 0
792.7538502 0
792.8676945 0
792.8676945 0
792.8706907 0
792.8706907 0
792.873687 0
792.873687 0
792.8766832 0
792.8766832 0
792.8796795 62868.79297
792.8796795 62868.79297
792.8826758 360971.875
792.8826758 360971.875
792.8856721 690882.25
792.8856721 690882.25
792.8886685 1018971.875
792.8886685 1018971.875
792.8916648 923194.0625
792.8916648 923194.0625
792.8946612 597498.125
792.8946612 597498.125
792.8976576 313772.3438
792.8976576 313772.3438
792.900654 279131.375
792.900654 279131.375
792.9036504 188470.4375
792.9036504 188470.4375
792.9084955 421045.5
792.9084955 421045.5
792.911492 248429.9688
792.911492 248429.9688
792.9144885 53077.45703
792.9144885 53077.45703
792.9167703 0
792.9167703 0
792.9197668 0
792.9197668 0
792.9227633 0
792.9227633 0
792.9257599 0
792.9257599 0
793.0426381 0
793.0426381 0
793.0456353 0
793.0456353 0
793.0486326 0
793.0486326 0
793.0516298 0
793.0516298 0
793.0546271 106067.4375
793.0546271 106067.4375
793.0576244 339020.5313
793.0576244 339020.5313
793.0606217 591901.375
793.0606217 591901.375
793.063619 761831.8125
793.063619 761831.8125
793.0666164 620899.9375
793.0666164 620899.9375
793.0696137 375577.0625
793.0696137 375577.0625
793.0726111 154489.8594
793.0726111 154489.8594
793.0756085 7116.236328
793.0756085 7116.236328
793.0793206 0
793.0793206 0
793.0823181 0
793.0823181 0
793.0853155 0
793.0853155 0
793.088313 0
793.088313 0
793.1033005 0
793.1033005 0
793.1062981 0
793.1062981 0
793.1092956 0
793.1092956 0
793.1122932 0
793.1122932 0
793.1152908 95174.52344
793.1152908 95174.52344
793.1182885 168825.4219
793.1182885 168825.4219
793.1212861 206483.3281
793.1212861 206483.3281
793.1242838 169193.8125
793.1242838 169193.8125
793.1272814 83486.44531
793.1272814 83486.44531
793.1302793 0
793.1302793 0
793.133277 0
793.133277 0
793.1362747 0
793.1362747 0
793.1392725 0
793.1392725 0
793.3401601 0
793.3401601 0
793.343159 0
793.343159 0
793.3461579 0
793.3461579 0
793.3491569 0
793.3491569 0
793.3521558 61644.99609
793.3521558 61644.99609
793.3551548 149606.5469
793.3551548 149606.5469
793.3581538 364330.4688
793.3581538 364330.4688
793.3611528 432774.875
793.3611528 432774.875
793.3641518 333204.8438
793.3641518 333204.8438
793.3671508 141546.4531
793.3671508 141546.4531
793.3701499 76032.29688
793.3701499 76032.29688
793.3748648 0
793.3748648 0
793.3778638 0
793.3778638 0
793.3808629 0
793.3808629 0
793.3838621 0
793.3838621 0
793.3868612 0
793.3868612 0
793.3898604 0
793.3898604 0
793.3928595 15721.25293
793.3928595 15721.25293
793.3958587 211150.75
793.3958587 211150.75
793.3988579 438350.5938
793.3988579 438350.5938
793.4018572 680749.125
793.4018572 680749.125
793.4048564 819505.25
793.4048564 819505.25
793.4078557 713925.875
793.4078557 713925.875
793.4108549 447709.75
793.4108549 447709.75
793.4138542 193942.2969
793.4138542 193942.2969
793.4168535 5753.413574
793.4168535 5753.413574
793.4181373 0
793.4181373 0
793.4211366 0
793.4211366 0
793.424136 0
793.424136 0
793.4271354 0
793.4271354 0
793.7121538 0
793.7121538 0
793.7151548 0
793.7151548 0
793.7181558 0
793.7181558 0
793.7211569 0
793.7211569 0
793.7241579 72136.32031
793.7241579 72136.32031
793.727159 153668.7031
793.727159 153668.7031
793.7301601 221246.875
793.7301601 221246.875
793.7331612 303159.1875
793.7331612 303159.1875
793.7361624 160097.5469
793.7361624 160097.5469
793.7391635 71701.58594
793.7391635 71701.58594
793.7403214 0
793.7403214 0
793.7433226 0
793.7433226 0
793.7463238 0
793.7463238 0
793.749325 0
793.749325 0
793.8813953 0
793.8813953 0
793.8843973 0
793.8843973 0
793.8873993 0
793.8873993 0
793.8904013 0
793.8904013 0
793.8934033 84074.95313
793.8934033 84074.95313
793.8964054 339604.4063
793.8964054 339604.4063
793.8994074 600485.75
793.8994074 600485.75
793.9024095 769339.4375
793.9024095 769339.4375
793.9054116 587174.25
793.9054116 587174.25
793.9084137 346455.5938
793.9084137 346455.5938
793.9114159 129535.3594
793.9114159 129535.3594
793.914418 30421.76953
793.914418 30421.76953
793.9192636 0
793.9192636 0
793.9222658 0
793.9222658 0
793.925268 0
793.925268 0
793.9282702 0
793.9282702 0
794.0033313 0
794.0033313 0
794.0063339 0
794.0063339 0
794.0093366 0
794.0093366 0
794.0123393 0
794.0123393 0
794.015342 16824.47656
794.015342 16824.47656
794.0183448 143079.8438
794.0183448 143079.8438
794.0213475 319364.875
794.0213475 319364.875
794.0243503 499441.0313
794.0243503 499441.0313
794.027353 540648.3125
794.027353 540648.3125
794.0303558 375781.3438
794.0303558 375781.3438
794.0333587 193155.5
794.0333587 193155.5
794.0363615 60088.49609
794.0363615 60088.49609
794.0393644 0
794.0393644 0
794.0423672 0
794.0423672 0
794.0453701 0
794.0453701 0
794.048373 0
794.048373 0
794.0513759 0
794.0513759 0
794.0543789 76265.625
794.0543789 76265.625
794.0573818 190112.0156
794.0573818 190112.0156
794.0603848 294130.375
794.0603848 294130.375
794.0633878 329609.0938
794.0633878 329609.0938
794.0663908 294054.3125
794.0663908 294054.3125
794.0693938 215404.1406
794.0693938 215404.1406
794.0723968 122841.5156
794.0723968 122841.5156
794.0751738 0
794.0751738 0
794.0781769 0
794.0781769 0
794.08118 0
794.08118 0
794.0841831 0
794.0841831 0
794.0961957 0
794.0961957 0
794.0991989 0
794.0991989 0
794.1022021 0
794.1022021 0
794.1052053 0
794.1052053 0
794.1082085 63261.06641
794.1082085 63261.06641
794.1112118 164542.5
794.1112118 164542.5
794.1142151 393819.0313
794.1142151 393819.0313
794.1172184 647244.125
794.1172184 647244.125
794.1202217 702606.1875
794.1202217 702606.1875
794.123225 452109.1875
794.123225 452109.1875
794.1262283 214409.9531
794.1262283 214409.9531
794.1292317 32810.82813
794.1292317 32810.82813
794.1349206 0
794.1349206 0
794.137924 0
794.137924 0
794.1409274 0
794.1409274 0
794.1439309 0
794.1439309 0
794.348204 0
794.348204 0
794.3512086 0
794.3512086 0
794.3542132 0
794.3542132 0
794.3572179 0
794.3572179 0
794.3602225 81817.35938
794.3602225 81817.35938
794.3632272 140723.1094
794.3632272 140723.1094
794.3662319 289292.375
794.3662319 289292.375
794.3692366 579946.5625
794.3692366 579946.5625
794.3722413 875615.6875
794.3722413 875615.6875
794.3752461 770889.25
794.3752461 770889.25
794.3782508 415864.0625
794.3782508 415864.0625
794.3812556 89609.71094
794.3812556 89609.71094
794.3831746 0
794.3831746 0
794.3861794 0
794.3861794 0
794.3891842 8439.478516
794.3891842 8439.478516
794.3921891 164934.1719
794.3921891 164934.1719
794.3951939 421639.5313
794.3951939 421639.5313
794.3981988 696787.9375
794.3981988 696787.9375
794.4012037 889209.0625
794.4012037 889209.0625
794.4042086 924876.75
794.4042086 924876.75
794.4072135 727578.4375
794.4072135 727578.4375
794.4102185 438242.2813
794.4102185 438242.2813
794.4132235 160849.2656
794.4132235 160849.2656
794.4162284 0
794.4162284 0
794.4194055 0
794.4194055 0
794.4224105 0
794.4224105 0
794.4254155 0
794.4254155 0
794.4284206 0
794.4284206 0
794.5967305 0
794.5967305 0
794.5997365 0
794.5997365 0
794.6027425 0
794.6027425 0
794.6057486 0
794.6057486 0
794.6087547 18813.63672
794.6087547 18813.63672
794.6117608 161306.3281
794.6117608 161306.3281
794.6147669 428187.7813
794.6147669 428187.7813
794.617773 727589.625
794.617773 727589.625
794.6207791 1007970.875
794.6207791 1007970.875
794.6237853 930477.5625
794.6237853 930477.5625
794.6267915 581156.5625
794.6267915 581156.5625
794.6297977 242442.4844
794.6297977 242442.4844
794.6328039 18952.27148
794.6328039 18952.27148
794.6342647 0
794.6342647 0
794.637271 0
794.637271 0
794.6402772 0
794.6402772 0
794.6432835 0
794.6432835 0
794.6703407 0
794.6703407 0
794.6733472 0
794.6733472 0
794.6763537 0
794.6763537 0
794.6793601 0
794.6793601 0
794.6823666 75723.39063
794.6823666 75723.39063
794.6853731 164052.8906
794.6853731 164052.8906
794.6883797 359931.75
794.6883797 359931.75
794.6913862 351492.25
794.6913862 351492.25
794.6943928 205771.3125
794.6943928 205771.3125
794.6973994 85215.76563
794.6973994 85215.76563
794.7004061 0
794.7004061 0
794.7034127 0
794.7034127 0
794.7064193 0
794.7064193 0
794.709426 0
794.709426 0
794.8507579 0
794.8507579 0
794.8537653 0
794.8537653 0
794.8567728 0
794.8567728 0
794.8597803 0
794.8597803 0
794.8627878 111387.5625
794.8627878 111387.5625
794.8657954 183833.2031
794.8657954 183833.2031
794.8688029 324397.0938
794.8688029 324397.0938
794.8718105 276807
794.8718105 276807
794.8748181 157565.9688
794.8748181 157565.9688
794.8778257 11163.33398
794.8778257 11163.33398
794.8831444 0
794.8831444 0
794.8861521 0
794.8861521 0
794.8891597 0
794.8891597 0
794.8921674 81356.05469
794.8921674 81356.05469
794.8951751 320518.5
794.8951751 320518.5
794.8981828 536349.9375
794.8981828 536349.9375
794.9011905 770311.4375
794.9011905 770311.4375
794.9041983 836765.125
794.9041983 836765.125
794.907206 590776
794.907206 590776
794.9102138 316284.1563
794.9102138 316284.1563
794.9132216 72466.67969
794.9132216 72466.67969
794.9132316 0
794.9132316 0
794.9140753 0
794.9140753 0
794.9170832 0
794.9170832 0
794.920091 0
794.920091 0
794.9983015 0
794.9983015 0
795.0013098 0
795.0013098 0
795.0043181 0
795.0043181 0
795.0073265 0
795.0073265 0
795.0103349 36269.22266
795.0103349 36269.22266
795.0133433 229812.2813
795.0133433 229812.2813
795.0163517 457495.4063
795.0163517 457495.4063
795.0193601 676525.3125
795.0193601 676525.3125
795.0223685 663608.0625
795.0223685 663608.0625
795.025377 479074.125
795.025377 479074.125
795.0283855 294247.6875
795.0283855 294247.6875
795.031394 92403.61719
795.031394 92403.61719
795.0372534 0
795.0372534 0
795.040262 0
795.040262 0
795.0432705 0
795.0432705 0
795.0462791 0
795.0462791 0
795.0492876 105645.7031
795.0492876 105645.7031
795.0522962 270668.4688
795.0522962 270668.4688
795.0553049 445271.6875
795.0553049 445271.6875
795.0583135 434166.5313
795.0583135 434166.5313
795.0613221 269760.3125
795.0613221 269760.3125
795.0643308 94351.09375
795.0643308 94351.09375
795.0673395 0
795.0673395 0
795.0703482 0
795.0703482 0
795.0733569 0
795.0733569 0
795.0763657 0
795.0763657 0
795.1214987 0
795.1214987 0
795.1245078 0
795.1245078 0
795.1275168 0
795.1275168 0
795.1305258 0
795.1305258 0
795.1335349 65869.57813
795.1335349 65869.57813
795.136544 156754.6563
795.136544 156754.6563
795.139553 348039.7188
795.139553 348039.7188
795.1425622 218855.625
795.1425622 218855.625
795.1455713 153132.2656
795.1455713 153132.2656
795.1485804 78783.47656
795.1485804 78783.47656
795.1515897 0
795.1515897 0
795.1545989 0
795.1545989 0
795.1576081 0
795.1576081 0
795.1606173 0
795.1606173 0
795.3682942 0
795.3682942 0
795.3713046 0
795.3713046 0
795.3743151 0
795.3743151 0
795.3773255 0
795.3773255 0
795.380336 0
795.380336 0
795.3833464 161697.25
795.3833464 161697.25
795.3863569 360596.4375
795.3863569 360596.4375
795.3893674 487346.0625
795.3893674 487346.0625
795.392378 175980.5469
795.392378 175980.5469
795.3953885 25364.14453
795.3953885 25364.14453
795.3983992 0
795.3983992 0
795.4014098 0
795.4014098 0
795.4044204 0
795.4044204 0
795.407431 0
795.407431 0