460.8273686 0
460.8273686 0
460.8286962 0
460.8286962 0
460.8300239 0
460.8300239 0
460.8313515 0
460.8313515 0
460.8326792 29865.44141
460.8326792 29865.44141
460.8340069 72171.14063
460.8340069 72171.14063
460.8353345 110337.3438
460.8353345 110337.3438
460.8366622 117491.875
460.8366622 117491.875
460.8379899 90151.66406
460.8379899 90151.66406
460.8393176 49814.04297
460.8393176 49814.04297
460.8406453 0
460.8406453 0
460.841973 0
460.841973 0
460.8433007 0
460.8433007 0
460.8446284 0
460.8446284 0
460.8459561 24320.50391
460.8459561 24320.50391
460.8472838 61154.26953
460.8472838 61154.26953
460.8486115 105722.5078
460.8486115 105722.5078
460.8499393 132078.3125
460.8499393 132078.3125
460.851267 118783.9922
460.851267 118783.9922
460.8525948 73039.45313
460.8525948 73039.45313
460.8539225 28165.45703
460.8539225 28165.45703
460.8552502 0
460.8552502 0
460.856578 0
460.856578 0
460.8579058 0
460.8579058 0
460.8592335 0
460.8592335 0
460.9601611 0
460.9601611 0
460.9614893 0
460.9614893 0
460.9628175 0
460.9628175 0
460.9641457 0
460.9641457 0
460.965474 40953.08594
460.965474 40953.08594
460.9668022 76157.94531
460.9668022 76157.94531
460.9681304 92965.9375
460.9681304 92965.9375
460.9694587 74787.02344
460.9694587 74787.02344
460.9707869 34896.35547
460.9707869 34896.35547
460.9721152 0
460.9721152 0
460.9734434 0
460.9734434 0
460.9747717 0
460.9747717 0
460.9761 0
460.9761 0
461.2073077 0
461.2073077 0
461.208637 0
461.208637 0
461.2099663 0
461.2099663 0
461.2112956 0
461.2112956 0
461.2126249 35932.03906
461.2126249 35932.03906
461.2139542 68347.35156
461.2139542 68347.35156
461.2152835 92834.27344
461.2152835 92834.27344
461.2166128 95758.98438
461.2166128 95758.98438
461.2179422 74570.69531
461.2179422 74570.69531
461.2192715 41521.10547
461.2192715 41521.10547
461.2206008 0
461.2206008 0
461.2219302 0
461.2219302 0
461.2232595 0
461.2232595 0
461.2245889 0
461.2245889 0
461.2299063 0
461.2299063 0
461.2312357 0
461.2312357 0
461.2325651 0
461.2325651 0
461.2338945 0
461.2338945 0
461.2352239 25532.70117
461.2352239 25532.70117
461.2365533 60159.36719
461.2365533 60159.36719
461.2378827 80379.28125
461.2378827 80379.28125
461.2392121 68692.8125
461.2392121 68692.8125
461.2405415 33392.88672
461.2405415 33392.88672
461.2418709 0
461.2418709 0
461.2432003 0
461.2432003 0
461.2445298 0
461.2445298 0
461.2458592 0
461.2458592 0
461.7235012 0
461.7235012 0
461.7248327 0
461.7248327 0
461.7261643 0
461.7261643 0
461.7274958 0
461.7274958 0
461.7288273 38146.57422
461.7288273 38146.57422
461.7301589 65704.82031
461.7301589 65704.82031
461.7314904 81266.8125
461.7314904 81266.8125
461.7328219 70911.55469
461.7328219 70911.55469
461.7341535 35603.72266
461.7341535 35603.72266
461.7354851 0
461.7354851 0
461.7368166 0
461.7368166 0
461.7381482 54683.88672
461.7381482 54683.88672
461.7394798 102238.0469
461.7394798 102238.0469
461.7408114 108728.5078
461.7408114 108728.5078
461.742143 72571.92188
461.742143 72571.92188
461.7434746 27935.18164
461.7434746 27935.18164
461.7448061 0
461.7448061 0
461.7461377 0
461.7461377 0
461.7474694 0
461.7474694 0
461.748801 0
461.748801 0
461.8806598 0
461.8806598 0
461.881992 0
461.881992 0
461.8833242 0
461.8833242 0
461.8846564 0
461.8846564 0
461.8859886 0
461.8859886 0
461.8873208 101619.75
461.8873208 101619.75
461.888653 222860.6719
461.888653 222860.6719
461.8899852 310382.0625
461.8899852 310382.0625
461.8913175 238219.2969
461.8913175 238219.2969
461.8926497 129924.9609
461.8926497 129924.9609
461.893982 30251.27539
461.893982 30251.27539
461.8953142 0
461.8953142 0
461.8966465 0
461.8966465 0
461.8979787 0
461.8979787 0
461.899311 0
461.899311 0
461.9472766 0
461.9472766 0
461.948609 0
461.948609 0
461.9499415 0
461.9499415 0
461.951274 0
461.951274 0
461.9526065 31494.51953
461.9526065 31494.51953
461.953939 61250.83203
461.953939 61250.83203
461.9552716 73371.73438
461.9552716 73371.73438
461.9566041 60902.32422
461.9566041 60902.32422
461.9579366 32829.71094
461.9579366 32829.71094
461.9592691 0
461.9592691 0
461.9606016 0
461.9606016 0
461.9619342 0
461.9619342 0
461.9632667 0
461.9632667 0
462.1778819 0
462.1778819 0
462.1792154 0
462.1792154 0
462.1805489 0
462.1805489 0
462.1818824 0
462.1818824 0
462.1832159 55802.06641
462.1832159 55802.06641
462.1845494 102796.6406
462.1845494 102796.6406
462.1858829 138278.5469
462.1858829 138278.5469
462.1872164 139914.4531
462.1872164 139914.4531
462.18855 105884.1484
462.18855 105884.1484
462.1898835 58749.57422
462.1898835 58749.57422
462.191217 0
462.191217 0
462.1925506 0
462.1925506 0
462.1938841 0
462.1938841 0
462.1952176 0
462.1952176 0
462.2005519 0
462.2005519 0
462.2018855 0
462.2018855 0
462.2032191 0
462.2032191 0
462.2045527 0
462.2045527 0
462.2058863 46735.47266
462.2058863 46735.47266
462.2072199 81452.54688
462.2072199 81452.54688
462.2085535 92523.85938
462.2085535 92523.85938
462.2098871 72134.19531
462.2098871 72134.19531
462.2112207 38865.72656
462.2112207 38865.72656
462.2125543 0
462.2125543 0
462.213888 0
462.213888 0
462.2152216 0
462.2152216 0
462.2165552 17817.16602
462.2165552 17817.16602
462.2178889 48342.65234
462.2178889 48342.65234
462.2192225 128982.125
462.2192225 128982.125
462.2205562 211395.0781
462.2205562 211395.0781
462.2218899 245080.5469
462.2218899 245080.5469
462.2232235 194729.9375
462.2232235 194729.9375
462.2245572 107152.3281
462.2245572 107152.3281
462.2258909 30721.44336
462.2258909 30721.44336
462.2275194 0
462.2275194 0
462.2288531 0
462.2288531 0
462.2301868 31654.28906
462.2301868 31654.28906
462.2315205 136701.0469
462.2315205 136701.0469
462.2328542 277008.5625
462.2328542 277008.5625
462.234188 421023.4063
462.234188 421023.4063
462.2355217 406013.25
462.2355217 406013.25
462.2368554 255707.8125
462.2368554 255707.8125
462.2381891 114360.6406
462.2381891 114360.6406
462.2395229 22034.10156
462.2395229 22034.10156
462.2405618 4493.584961
462.2405618 4493.584961
462.2418955 72152.45313
462.2418955 72152.45313
462.2432293 81963.58594
462.2432293 81963.58594
462.2445631 75412.1875
462.2445631 75412.1875
462.2458968 58059.6875
462.2458968 58059.6875
462.2472306 0
462.2472306 0
462.2485644 0
462.2485644 0
462.2498981 0
462.2498981 0
462.2512319 0
462.2512319 0
462.4633785 0
462.4633785 0
462.4647132 0
462.4647132 0
462.4660479 0
462.4660479 0
462.4673826 0
462.4673826 0
462.4687174 31103.13672
462.4687174 31103.13672
462.4700521 71798.10156
462.4700521 71798.10156
462.4713868 116136.9844
462.4713868 116136.9844
462.4727216 139961.75
462.4727216 139961.75
462.4740564 129367.4609
462.4740564 129367.4609
462.4753911 89141.59375
462.4753911 89141.59375
462.4767259 39710.87891
462.4767259 39710.87891
462.478018 0
462.478018 0
462.4793528 0
462.4793528 0
462.4806876 0
462.4806876 0
462.4820224 0
462.4820224 0
462.5607853 0
462.5607853 0
462.5621205 0
462.5621205 0
462.5634556 0
462.5634556 0
462.5647908 0
462.5647908 0
462.5661259 700.7717285
462.5661259 700.7717285
462.5674611 54645.59375
462.5674611 54645.59375
462.5687962 169365.9219
462.5687962 169365.9219
462.5701314 726476.875
462.5701314 726476.875
462.5714666 2482418.25
462.5714666 2482418.25
462.5728018 5163154
462.5728018 5163154
462.574137 8040782
462.574137 8040782
462.5754722 8416999
462.5754722 8416999
462.5768074 5672651.5
462.5768074 5672651.5
462.5781426 2971098.25
462.5781426 2971098.25
462.5794778 934191.25
462.5794778 934191.25
462.580813 234868.4688
462.580813 234868.4688
462.5821482 36194.79297
462.5821482 36194.79297
462.5835261 0
462.5835261 0
462.5848613 0
462.5848613 0
462.5861966 0
462.5861966 0
462.5875318 0
462.5875318 0
462.8921195 0
462.8921195 0
462.8934561 0
462.8934561 0
462.8947926 0
462.8947926 0
462.8961292 0
462.8961292 0
462.8974658 0
462.8974658 0
462.8988024 0
462.8988024 0
462.900139 0
462.900139 0
462.9014756 0
462.9014756 0
462.9028135 104273.5156
462.9028135 104273.5156
462.9041501 373561.3125
462.9041501 373561.3125
462.9054867 1314609.125
462.9054867 1314609.125
462.9068234 3180651
462.9068234 3180651
462.90816 5190670
462.90816 5190670
462.9094966 6129459.5
462.9094966 6129459.5
462.9108333 4494369
462.9108333 4494369
462.9121699 2562508
462.9121699 2562508
462.9135066 844343.75
462.9135066 844343.75
462.9148433 195207.1563
462.9148433 195207.1563
462.9161799 5513.737793
462.9161799 5513.737793
462.9172375 0
462.9172375 0
462.9185742 0
462.9185742 0
462.9199109 0
462.9199109 0
462.9212476 0
462.9212476 0
463.1900409 0
463.1900409 0
463.1913787 0
463.1913787 0
463.1927166 0
463.1927166 0
463.1940545 0
463.1940545 0
463.1953924 0
463.1953924 0
463.1967303 73531.28125
463.1967303 73531.28125
463.1980682 228215.9219
463.1980682 228215.9219
463.1994061 389927.6875
463.1994061 389927.6875
463.200744 475509.5313
463.200744 475509.5313
463.2020819 361713.6563
463.2020819 361713.6563
463.2034198 211470.5938
463.2034198 211470.5938
463.2047577 66129.58594
463.2047577 66129.58594
463.2060956 9519.774414
463.2060956 9519.774414
463.2076196 0
463.2076196 0
463.2089576 0
463.2089576 0
463.2102955 0
463.2102955 0
463.2116335 0
463.2116335 0
463.2129714 0
463.2129714 0
463.2143094 60004.46484
463.2143094 60004.46484
463.2156474 226168.4531
463.2156474 226168.4531
463.2169853 402909.0625
463.2169853 402909.0625
463.2183233 510998.875
463.2183233 510998.875
463.2196613 379596.3125
463.2196613 379596.3125
463.2209993 211361.2656
463.2209993 211361.2656
463.2223373 66301.99219
463.2223373 66301.99219
463.2236753 25134.45117
463.2236753 25134.45117
463.2257565 0
463.2257565 0
463.2270945 0
463.2270945 0
463.2284325 0
463.2284325 0
463.2297705 0
463.2297705 0
463.2311086 0
463.2311086 0
463.2324466 0
463.2324466 0
463.2337846 0
463.2337846 0
463.2351227 0
463.2351227 0
463.2364607 0
463.2364607 0
463.2377988 91869.89844
463.2377988 91869.89844
463.2391369 378841.8438
463.2391369 378841.8438
463.240475 866693
463.240475 866693
463.241813 1532994.25
463.241813 1532994.25
463.2431511 2218358
463.2431511 2218358
463.2444892 2341708
463.2444892 2341708
463.2458273 1656939
463.2458273 1656939
463.2471654 918357.8125
463.2471654 918357.8125
463.2485035 271769.1563
463.2485035 271769.1563
463.2498416 0
463.2498416 0
463.2505283 0
463.2505283 0
463.2518665 0
463.2518665 0
463.2532046 0
463.2532046 0
463.2545427 0
463.2545427 0
463.4499731 0
463.4499731 0
463.4513121 0
463.4513121 0
463.452651 0
463.452651 0
463.45399 0
463.45399 0
463.4553291 41967.16797
463.4553291 41967.16797
463.4566681 103995.9844
463.4566681 103995.9844
463.4580071 160325.5938
463.4580071 160325.5938
463.4593461 173344.0625
463.4593461 173344.0625
463.4606851 134055.1094
463.4606851 134055.1094
463.4620242 72909.40625
463.4620242 72909.40625
463.4633632 32333.63086
463.4633632 32333.63086
463.4647023 0
463.4647023 0
463.4660413 62738.75391
463.4660413 62738.75391
463.4673804 98266.48438
463.4673804 98266.48438
463.4687195 113205.6484
463.4687195 113205.6484
463.4700585 93311.89063
463.4700585 93311.89063
463.4713976 49036.48828
463.4713976 49036.48828
463.4727367 0
463.4727367 0
463.4740758 0
463.4740758 0
463.4754149 60032.09375
463.4754149 60032.09375
463.476754 99362.72656
463.476754 99362.72656
463.4780931 109679.0469
463.4780931 109679.0469
463.4794322 89729.14063
463.4794322 89729.14063
463.4807713 55784.39844
463.4807713 55784.39844
463.4811238 0
463.4811238 0
463.4824629 0
463.4824629 0
463.4838021 0
463.4838021 0
463.4851412 0
463.4851412 0
463.5614819 0
463.5614819 0
463.5628213 0
463.5628213 0
463.5641608 0
463.5641608 0
463.5655003 0
463.5655003 0
463.5668398 40832.96094
463.5668398 40832.96094
463.5681793 487165.7188
463.5681793 487165.7188
463.5695188 1153576.75
463.5695188 1153576.75
463.5708583 1864990.125
463.5708583 1864990.125
463.5721979 2036002.625
463.5721979 2036002.625
463.5735374 1514837.625
463.5735374 1514837.625
463.5748769 954199.9375
463.5748769 954199.9375
463.5762164 521728.25
463.5762164 521728.25
463.577556 284000.5313
463.577556 284000.5313
463.5788955 84514.4375
463.5788955 84514.4375
463.5802351 0
463.5802351 0
463.5827078 0
463.5827078 0
463.5840474 0
463.5840474 0
463.5853869 0
463.5853869 0
463.5867265 0
463.5867265 0
463.5880661 0
463.5880661 0
463.5894057 0
463.5894057 0
463.5907453 18545.96289
463.5907453 18545.96289
463.5920849 51661.23047
463.5920849 51661.23047
463.5934245 115425.3516
463.5934245 115425.3516
463.5947641 194184.7813
463.5947641 194184.7813
463.5961037 226065.5469
463.5961037 226065.5469
463.5974433 164899.6406
463.5974433 164899.6406
463.598783 67230.78125
463.598783 67230.78125
463.6001226 26173.08203
463.6001226 26173.08203
463.6014623 0
463.6014623 0
463.6028019 0
463.6028019 0
463.6041416 0
463.6041416 0
463.6054812 0
463.6054812 0
463.6939115 0
463.6939115 0
463.6952515 0
463.6952515 0
463.6965916 0
463.6965916 0
463.6979316 0
463.6979316 0
463.6992717 31442.00586
463.6992717 31442.00586
463.7006118 79604.33594
463.7006118 79604.33594
463.7019519 117036.2422
463.7019519 117036.2422
463.7032919 115533.375
463.7032919 115533.375
463.704632 78250.10156
463.704632 78250.10156
463.7059721 34142.40625
463.7059721 34142.40625
463.7073122 0
463.7073122 0
463.7086523 0
463.7086523 0
463.7099924 0
463.7099924 0
463.7113326 0
463.7113326 0
463.7126727 0
463.7126727 0
463.7140128 0
463.7140128 0
463.7153529 35243.30078
463.7153529 35243.30078
463.7166931 142038.1719
463.7166931 142038.1719
463.7180332 231405.3594
463.7180332 231405.3594
463.7193734 272699.1563
463.7193734 272699.1563
463.7207135 196657.5938
463.7207135 196657.5938
463.7220537 106931.7031
463.7220537 106931.7031
463.7233939 14124.67383
463.7233939 14124.67383
463.724734 0
463.724734 0
463.7260742 0
463.7260742 0
463.7274144 0
463.7274144 0
463.7287546 0
463.7287546 0
463.7354557 0
463.7354557 0
463.7367959 0
463.7367959 0
463.7381361 0
463.7381361 0
463.7394763 0
463.7394763 0
463.7408166 36097.08203
463.7408166 36097.08203
463.7421568 70111.71094
463.7421568 70111.71094
463.7434971 90351.71875
463.7434971 90351.71875
463.7448374 81891.74219
463.7448374 81891.74219
463.7461776 51043.82813
463.7461776 51043.82813
463.7473759 0
463.7473759 0
463.7487162 0
463.7487162 0
463.7500564 0
463.7500564 0
463.7513967 0
463.7513967 0
463.8935005 0
463.8935005 0
463.8948415 0
463.8948415 0
463.8961824 0
463.8961824 0
463.8975233 0
463.8975233 0
463.8988642 5464.640137
463.8988642 5464.640137
463.9002052 295445.9375
463.9002052 295445.9375
463.9015461 1094987
463.9015461 1094987
463.9028871 2425689
463.9028871 2425689
463.904228 3856185
463.904228 3856185
463.905569 4345497
463.905569 4345497
463.9069099 3152760.75
463.9069099 3152760.75
463.9082509 1818038.625
463.9082509 1818038.625
463.9095919 678852.25
463.9095919 678852.25
463.9109329 207257.0781
463.9109329 207257.0781
463.9122739 18050.43164
463.9122739 18050.43164
463.913757 0
463.913757 0
463.915098 0
463.915098 0
463.916439 0
463.916439 0
463.91778 0
463.91778 0
464.2102594 0
464.2102594 0
464.2116017 0
464.2116017 0
464.212944 0
464.212944 0
464.2142863 0
464.2142863 0
464.2156286 0
464.2156286 0
464.2169709 49025.56641
464.2169709 49025.56641
464.2183132 138285.6563
464.2183132 138285.6563
464.2196555 122238.0547
464.2196555 122238.0547
464.2209979 221131.2813
464.2209979 221131.2813
464.2223402 193827.1719
464.2223402 193827.1719
464.2236825 66770.08594
464.2236825 66770.08594
464.2250249 0
464.2250249 0
464.2262887 0
464.2262887 0
464.2276311 0
464.2276311 0
464.2289734 0
464.2289734 0
464.2303158 0
464.2303158 0
464.2316582 113770.5
464.2316582 113770.5
464.2330006 721294.3125
464.2330006 721294.3125
464.234343 2435810
464.234343 2435810
464.2356853 4749344
464.2356853 4749344
464.2370277 7154255.5
464.2370277 7154255.5
464.2383701 7047830
464.2383701 7047830
464.2397125 4640975
464.2397125 4640975
464.241055 2368667.5
464.241055 2368667.5
464.2423974 768993.25
464.2423974 768993.25
464.2437398 191725.5
464.2437398 191725.5
464.2450822 3867.016357
464.2450822 3867.016357
464.2465032 0
464.2465032 0
464.2478457 0
464.2478457 0
464.2491881 0
464.2491881 0
464.2505306 0
464.2505306 0
464.5446685 0
464.5446685 0
464.5460122 0
464.5460122 0
464.547356 0
464.547356 0
464.5486997 0
464.5486997 0
464.5500435 34881.04688
464.5500435 34881.04688
464.5513873 133291.5
464.5513873 133291.5
464.552731 243777.125
464.552731 243777.125
464.5540748 362813.375
464.5540748 362813.375
464.5554186 303835.4688
464.5554186 303835.4688
464.5567623 30153.37109
464.5567623 30153.37109
464.5579328 0
464.5579328 0
464.5592766 0
464.5592766 0
464.5606204 0
464.5606204 0
464.5619642 0
464.5619642 0
464.563308 0
464.563308 0
464.5646518 406974.625
464.5646518 406974.625
464.5659957 1654229.375
464.5659957 1654229.375
464.5673395 4535961
464.5673395 4535961
464.5686833 7609987
464.5686833 7609987
464.5700272 9682529
464.5700272 9682529
464.571371 7675388.5
464.571371 7675388.5
464.5727149 4628563.5
464.5727149 4628563.5
464.5740587 1840492.375
464.5740587 1840492.375
464.5754026 565356.1875
464.5754026 565356.1875
464.5767465 37101.10547
464.5767465 37101.10547
464.5782637 0
464.5782637 0
464.5796076 0
464.5796076 0
464.5809515 0
464.5809515 0
464.5822954 0
464.5822954 0
464.7893247 0
464.7893247 0
464.7906695 0
464.7906695 0
464.7920143 0
464.7920143 0
464.7933591 0
464.7933591 0
464.7947039 47267.18359
464.7947039 47267.18359
464.7960487 81741
464.7960487 81741
464.7973936 93211.45313
464.7973936 93211.45313
464.7987384 74306.25
464.7987384 74306.25
464.8000832 40323.05469
464.8000832 40323.05469
464.8014281 0
464.8014281 0
464.8027729 0
464.8027729 0
464.8041178 0
464.8041178 0
464.8054627 0
464.8054627 0
464.8296712 0
464.8296712 0
464.8310162 0
464.8310162 0
464.8323611 0
464.8323611 0
464.8337061 0
464.8337061 0
464.8350511 47226.75781
464.8350511 47226.75781
464.8363961 78549.60156
464.8363961 78549.60156
464.8377411 97349.21875
464.8377411 97349.21875
464.8390861 91581.33594
464.8390861 91581.33594
464.8404311 61710.22656
464.8404311 61710.22656
464.841647 0
464.841647 0
464.842992 0
464.842992 0
464.8443371 0
464.8443371 0
464.8456821 0
464.8456821 0
464.8900716 0
464.8900716 0
464.8914169 0
464.8914169 0
464.8927621 0
464.8927621 0
464.8941074 0
464.8941074 0
464.8954526 25250.12305
464.8954526 25250.12305
464.8967979 274908.4375
464.8967979 274908.4375
464.8981431 1331159.875
464.8981431 1331159.875
464.8994884 4261388.5
464.8994884 4261388.5
464.9008337 7806962
464.9008337 7806962
464.902179 11193053
464.902179 11193053
464.9035243 10243768
464.9035243 10243768
464.9048696 6533110.5
464.9048696 6533110.5
464.9062149 3114662
464.9062149 3114662
464.9075602 1009546.125
464.9075602 1009546.125
464.9089055 223153.7813
464.9089055 223153.7813
464.9102508 0
464.9102508 0
464.9117253 0
464.9117253 0
464.9130706 0
464.9130706 0
464.9144159 0
464.9144159 0
464.9157613 0
464.9157613 0
464.9480512 0
464.9480512 0
464.9493967 0
464.9493967 0
464.9507422 0
464.9507422 0
464.9520877 0
464.9520877 0
464.9534332 40499.70313
464.9534332 40499.70313
464.9547787 90310.8125
464.9547787 90310.8125
464.9561242 127815.9453
464.9561242 127815.9453
464.9574698 130469.0234
464.9574698 130469.0234
464.9588153 99388.61719
464.9588153 99388.61719
464.9601608 55933.15234
464.9601608 55933.15234
464.9614071 0
464.9614071 0
464.9627526 0
464.9627526 0
464.9640982 0
464.9640982 0
464.9654437 0
464.9654437 0
465.2225523 0
465.2225523 0
465.223899 0
465.223899 0
465.2252457 0
465.2252457 0
465.2265924 0
465.2265924 0
465.2279391 0
465.2279391 0
465.2292858 232157.9219
465.2292858 232157.9219
465.2306325 1274262.5
465.2306325 1274262.5
465.2319792 4125030.75
465.2319792 4125030.75
465.2333259 7833909
465.2333259 7833909
465.2346727 11622502
465.2346727 11622502
465.2360194 11319857
465.2360194 11319857
465.2373661 7469805.5
465.2373661 7469805.5
465.2387129 3833260.25
465.2387129 3833260.25
465.2400596 1275810.25
465.2400596 1275810.25
465.2414064 273904.875
465.2414064 273904.875
465.2427531 0
465.2427531 0
465.2441992 0
465.2441992 0
465.245546 0
465.245546 0
465.2468928 0
465.2468928 0
465.2482396 0
465.2482396 0
465.2563204 0
465.2563204 0
465.2576672 0
465.2576672 0
465.2590141 0
465.2590141 0
465.2603609 0
465.2603609 0
465.2617077 0
465.2617077 0
465.2630546 0
465.2630546 0
465.2644014 0
465.2644014 0
465.2657483 0
465.2657483 0
465.2670952 0
465.2670952 0
465.268442 0
465.268442 0
465.2696189 0
465.2696189 0
465.2709658 0
465.2709658 0
465.2723127 0
465.2723127 0
465.2736596 0
465.2736596 0
465.5552892 0
465.5552892 0
465.5566373 0
465.5566373 0
465.5579855 0
465.5579855 0
465.5593336 0
465.5593336 0
465.5606818 0
465.5606818 0
465.5620299 200190.1406
465.5620299 200190.1406
465.5633781 1120027.375
465.5633781 1120027.375
465.5647262 3291217.75
465.5647262 3291217.75
465.5660744 5768495
465.5660744 5768495
465.5674226 7982186
465.5674226 7982186
465.5687707 7182392
465.5687707 7182392
465.5701189 4641868.5
465.5701189 4641868.5
465.5714671 2270050
465.5714671 2270050
465.5728153 765147.5625
465.5728153 765147.5625
465.5741635 89680.23438
465.5741635 89680.23438
465.5755117 0
465.5755117 0
465.5769287 0
465.5769287 0
465.5782769 0
465.5782769 0
465.5796252 0
465.5796252 0
465.5809734 0
465.5809734 0
465.8885228 0
465.8885228 0
465.8898724 0
465.8898724 0
465.891222 0
465.891222 0
465.8925716 0
465.8925716 0
465.8939212 0
465.8939212 0
465.8952708 180282.3281
465.8952708 180282.3281
465.8966204 829693.5
465.8966204 829693.5
465.89797 2046252.25
465.89797 2046252.25
465.8993196 3366325.75
465.8993196 3366325.75
465.9006692 4414301.5
465.9006692 4414301.5
465.9020188 3887919.25
465.9020188 3887919.25
465.9033685 2545100
465.9033685 2545100
465.9047181 1268139.875
465.9047181 1268139.875
465.9060677 424866.9063
465.9060677 424866.9063
465.9074174 0
465.9074174 0
465.9088683 0
465.9088683 0
465.910218 0
465.910218 0
465.9115677 0
465.9115677 0
465.9129173 0
465.9129173 0
465.9291139 0
465.9291139 0
465.9304636 0
465.9304636 0
465.9318134 0
465.9318134 0
465.9331631 0
465.9331631 0
465.9345129 64869.73438
465.9345129 64869.73438
465.9358627 125258.125
465.9358627 125258.125
465.9372124 163719.0156
465.9372124 163719.0156
465.9385622 152547.2656
465.9385622 152547.2656
465.939912 99793.64063
465.939912 99793.64063
465.9412618 42169.76953
465.9412618 42169.76953
465.9418732 0
465.9418732 0
465.943223 0
465.943223 0
465.9445728 0
465.9445728 0
465.9459226 0
465.9459226 0
466.2214083 0
466.2214083 0
466.2227593 0
466.2227593 0
466.2241103 0
466.2241103 0
466.2254614 0
466.2254614 0
466.2268124 0
466.2268124 0
466.2281634 250039.4219
466.2281634 250039.4219
466.2295145 715618.875
466.2295145 715618.875
466.2308655 1218653.125
466.2308655 1218653.125
466.2322166 1670204.25
466.2322166 1670204.25
466.2335677 1606469.375
466.2335677 1606469.375
466.2349187 1161336.75
466.2349187 1161336.75
466.2362698 701640.1875
466.2362698 701640.1875
466.2376209 341000.2813
466.2376209 341000.2813
466.238972 113996.3594
466.238972 113996.3594
466.2403231 0
466.2403231 0
466.2424127 0
466.2424127 0
466.2437638 0
466.2437638 0
466.2451149 0
466.2451149 0
466.2464661 0
466.2464661 0
466.2640312 0
466.2640312 0
466.2653824 0
466.2653824 0
466.2667336 0
466.2667336 0
466.2680848 0
466.2680848 0
466.269436 45797.84766
466.269436 45797.84766
466.2707872 70425.76563
466.2707872 70425.76563
466.2721385 89631.375
466.2721385 89631.375
466.2734897 91992.5625
466.2734897 91992.5625
466.274841 71147.60938
466.274841 71147.60938
466.2761922 38169.27734
466.2761922 38169.27734
466.2780069 0
466.2780069 0
466.2793582 0
466.2793582 0
466.2807095 0
466.2807095 0
466.2820607 0
466.2820607 0
466.5551386 0
466.5551386 0
466.5564911 0
466.5564911 0
466.5578435 0
466.5578435 0
466.559196 0
466.559196 0
466.5605485 22010.08594
466.5605485 22010.08594
466.561901 121579.2813
466.561901 121579.2813
466.5632535 280737.4375
466.5632535 280737.4375
466.564606 510654.0313
466.564606 510654.0313
466.5659585 754129.375
466.5659585 754129.375
466.567311 844913
466.567311 844913
466.5686635 676280.375
466.5686635 676280.375
466.5700161 420138.2813
466.5700161 420138.2813
466.5713686 183073.0625
466.5713686 183073.0625
466.5727211 47544.21484
466.5727211 47544.21484
466.5740737 0
466.5740737 0
466.5749629 0
466.5749629 0
466.5763154 0
466.5763154 0
466.577668 0
466.577668 0
466.5790206 0
466.5790206 0
466.8956831 0
466.8956831 0
466.897037 0
466.897037 0
466.898391 0
466.898391 0
466.899745 0
466.899745 0
466.9010989 54587.125
466.9010989 54587.125
466.9024529 128006.8906
466.9024529 128006.8906
466.9038069 163264.1406
466.9038069 163264.1406
466.9051609 112186.5391
466.9051609 112186.5391
466.9065149 16540.07227
466.9065149 16540.07227
466.9078689 0
466.9078689 0
466.9092229 0
466.9092229 0
466.9105769 37024.8125
466.9105769 37024.8125
466.9119309 108295.4141
466.9119309 108295.4141
466.9132849 185719.4531
466.9132849 185719.4531
466.9146389 182628.4219
466.9146389 182628.4219
466.915993 93382.82031
466.915993 93382.82031
466.917347 51633.34375
466.917347 51633.34375
466.9187011 21840.18164
466.9187011 21840.18164
466.9200552 0
466.9200552 0
466.9214092 0
466.9214092 0
466.9227633 0
466.9227633 0
466.9241173 0
466.9241173 0
467.2248663 0
467.2248663 0
467.2262217 0
467.2262217 0
467.2275771 0
467.2275771 0
467.2289325 0
467.2289325 0
467.2302879 48337.63672
467.2302879 48337.63672
467.2316433 97649.22656
467.2316433 97649.22656
467.2329987 125577.8906
467.2329987 125577.8906
467.2343541 109734.9766
467.2343541 109734.9766
467.2357096 63691.48828
467.2357096 63691.48828
467.237065 0
467.237065 0
467.2384204 0
467.2384204 0
467.2397759 0
467.2397759 0
467.2411313 0
467.2411313 0
467.2601082 0
467.2601082 0
467.2614637 0
467.2614637 0
467.2628193 0
467.2628193 0
467.2641748 0
467.2641748 0
467.2655304 66023.19531
467.2655304 66023.19531
467.2668859 133483.5313
467.2668859 133483.5313
467.2682415 184089.5781
467.2682415 184089.5781
467.2695971 183659.375
467.2695971 183659.375
467.2709527 133068.625
467.2709527 133068.625
467.2723082 67484.125
467.2723082 67484.125
467.2736639 0
467.2736639 0
467.2750194 0
467.2750194 0
467.276375 0
467.276375 0
467.2777307 0
467.2777307 0
467.3834862 0
467.3834862 0
467.3848422 0
467.3848422 0
467.3861983 0
467.3861983 0
467.3875544 0
467.3875544 0
467.3889105 19473.10352
467.3889105 19473.10352
467.3902666 119434.5469
467.3902666 119434.5469
467.3916227 219513.625
467.3916227 219513.625
467.3929788 257656.5781
467.3929788 257656.5781
467.3943349 191821.0469
467.3943349 191821.0469
467.395691 56925.69141
467.395691 56925.69141
467.3970471 14803.5166
467.3970471 14803.5166
467.398563 0
467.398563 0
467.3999192 0
467.3999192 0
467.4012753 0
467.4012753 0
467.4026315 0
467.4026315 0
467.5491303 0
467.5491303 0
467.5504871 0
467.5504871 0
467.5518439 0
467.5518439 0
467.5532007 0
467.5532007 0
467.5545576 37889.58594
467.5545576 37889.58594
467.5559144 188197.2031
467.5559144 188197.2031
467.5572712 626323.1875
467.5572712 626323.1875
467.558628 1450924.875
467.558628 1450924.875
467.5599849 2353755.5
467.5599849 2353755.5
467.5613417 2701785.5
467.5613417 2701785.5
467.5626985 1928515.75
467.5626985 1928515.75
467.5640554 1067209.125
467.5640554 1067209.125
467.5654123 325178.7188
467.5654123 325178.7188
467.5667691 77294.01563
467.5667691 77294.01563
467.568126 44822.02344
467.568126 44822.02344
467.5693232 0
467.5693232 0
467.5706801 0
467.5706801 0
467.5720369 0
467.5720369 0
467.5733938 0
467.5733938 0
467.7159005 0
467.7159005 0
467.7172581 0
467.7172581 0
467.7186156 0
467.7186156 0
467.7199731 0
467.7199731 0
467.7213306 36857.31641
467.7213306 36857.31641
467.7226882 88511.875
467.7226882 88511.875
467.7240457 131902.2031
467.7240457 131902.2031
467.7254033 128899.9219
467.7254033 128899.9219
467.7267609 75398.55469
467.7267609 75398.55469
467.7281184 14589.25391
467.7281184 14589.25391
467.729476 0
467.729476 0
467.7308336 0
467.7308336 0
467.7321912 0
467.7321912 0
467.7335488 0
467.7335488 0
467.863905 0
467.863905 0
467.8652632 0
467.8652632 0
467.8666213 0
467.8666213 0
467.8679795 0
467.8679795 0
467.8693377 0
467.8693377 0
467.8706959 0
467.8706959 0
467.8720541 0
467.8720541 0
467.8734123 0
467.8734123 0
467.8747705 0
467.8747705 0
467.8761306 0
467.8761306 0
467.8774888 0
467.8774888 0
467.878847 0
467.878847 0
467.8802052 0
467.8802052 0
467.8815635 0
467.8815635 0
467.8829217 0
467.8829217 0
467.88428 42009.83203
467.88428 42009.83203
467.8856382 637025.1875
467.8856382 637025.1875
467.8869965 2943999.25
467.8869965 2943999.25
467.8883547 11241847
467.8883547 11241847
467.889713 34101112
467.889713 34101112
467.8910713 60435568
467.8910713 60435568
467.8924296 83267608
467.8924296 83267608
467.8937879 71275112
467.8937879 71275112
467.8951462 43700568
467.8951462 43700568
467.8965045 18244568
467.8965045 18244568
467.8978628 5113517.5
467.8978628 5113517.5
467.8992211 1047771
467.8992211 1047771
467.9005794 264200.1563
467.9005794 264200.1563
467.9019377 0
467.9019377 0
467.9032942 0
467.9032942 0
467.9046525 0
467.9046525 0
467.9060109 0
467.9060109 0
467.9073692 0
467.9073692 0
467.9223114 0
467.9223114 0
467.9236698 0
467.9236698 0
467.9250283 0
467.9250283 0
467.9263867 0
467.9263867 0
467.9277451 0
467.9277451 0
467.9291036 0
467.9291036 0
467.930462 0
467.930462 0
467.9318205 0
467.9318205 0
467.9331789 0
467.9331789 0
467.9345374 0
467.9345374 0
467.9358959 0
467.9358959 0
467.9372543 0
467.9372543 0
467.9386128 0
467.9386128 0
467.9399713 0
467.9399713 0
467.9413298 0
467.9413298 0
467.9549151 0
467.9549151 0
467.9562737 0
467.9562737 0
467.9576322 0
467.9576322 0
467.9589908 0
467.9589908 0
467.9603494 0
467.9603494 0
467.961708 0
467.961708 0
467.9630665 0
467.9630665 0
467.9644251 0
467.9644251 0
467.9657837 0
467.9657837 0
467.9671424 0
467.9671424 0
467.968501 0
467.968501 0
467.9698596 0
467.9698596 0
467.9712182 0
467.9712182 0
467.9725768 0
467.9725768 0
467.9739355 0
467.9739355 0
467.9752941 0
467.9752941 0
467.9766528 28362.36328
467.9766528 28362.36328
467.9780114 73696.44531
467.9780114 73696.44531
467.9793701 109792.5547
467.9793701 109792.5547
467.9807288 109240.1094
467.9807288 109240.1094
467.9820874 70811.07813
467.9820874 70811.07813
467.9834461 23201.48047
467.9834461 23201.48047
467.9843725 0
467.9843725 0
467.9857312 0
467.9857312 0
467.9870899 0
467.9870899 0
467.9884486 0
467.9884486 0
468.0101886 0
468.0101886 0
468.0115475 0
468.0115475 0
468.0129063 0
468.0129063 0
468.0142651 0
468.0142651 0
468.0156239 0
468.0156239 0
468.0169827 59629.39844
468.0169827 59629.39844
468.0183416 204126.5781
468.0183416 204126.5781
468.0197004 354898.8125
468.0197004 354898.8125
468.0210592 462851.9375
468.0210592 462851.9375
468.0224181 376124.3125
468.0224181 376124.3125
468.0237769 228469.7344
468.0237769 228469.7344
468.0251358 91515.625
468.0251358 91515.625
468.0264947 21422.81641
468.0264947 21422.81641
468.0282859 0
468.0282859 0
468.0296448 0
468.0296448 0
468.0310036 0
468.0310036 0
468.0323625 0
468.0323625 0
468.1981917 0
468.1981917 0
468.1995514 0
468.1995514 0
468.200911 0
468.200911 0
468.2022706 0
468.2022706 0
468.2036303 0
468.2036303 0
468.2049899 0
468.2049899 0
468.2063496 0
468.2063496 0
468.2077092 0
468.2077092 0
468.2090689 0
468.2090689 0
468.2104103 0
468.2104103 0
468.21177 0
468.21177 0
468.2131297 0
468.2131297 0
468.2144893 0
468.2144893 0
468.215849 0
468.215849 0
468.2172087 173973.8125
468.2172087 173973.8125
468.2185684 632072.9375
468.2185684 632072.9375
468.2199281 1266783.125
468.2199281 1266783.125
468.2212879 4671036.5
468.2212879 4671036.5
468.2226476 15917429
468.2226476 15917429
468.2240073 33458624
468.2240073 33458624
468.225367 52322780
468.225367 52322780
468.2267268 54867576
468.2267268 54867576
468.2280865 36883628
468.2280865 36883628
468.2294463 19192266
468.2294463 19192266
468.230806 5892642.5
468.230806 5892642.5
468.2321658 1603737
468.2321658 1603737
468.2335256 658595
468.2335256 658595
468.2348853 300132.8125
468.2348853 300132.8125
468.2362451 0
468.2362451 0
468.2376231 0
468.2376231 0
468.2389829 0
468.2389829 0
468.2403427 0
468.2403427 0
468.2417025 0
468.2417025 0
468.2430623 0
468.2430623 0
468.2444222 0
468.2444222 0
468.245782 0
468.245782 0
468.2471418 0
468.2471418 0
468.2485016 0
468.2485016 0
468.2498615 0
468.2498615 0
468.2512214 0
468.2512214 0
468.2525812 0
468.2525812 0
468.2539411 0
468.2539411 0
468.3899567 0
468.3899567 0
468.3913171 0
468.3913171 0
468.3926776 0
468.3926776 0
468.3940381 0
468.3940381 0
468.3953985 14994.80859
468.3953985 14994.80859
468.396759 103003.3672
468.396759 103003.3672
468.3981195 193919.3281
468.3981195 193919.3281
468.39948 210253.375
468.39948 210253.375
468.4008405 91001.96094
468.4008405 91001.96094
468.402201 40141.54688
468.402201 40141.54688
468.4035615 0
468.4035615 0
468.404922 0
468.404922 0
468.4062825 0
468.4062825 0
468.4076431 0
468.4076431 0
468.4130852 0
468.4130852 0
468.4144458 0
468.4144458 0
468.4158063 0
468.4158063 0
468.4171669 0
468.4171669 0
468.4185275 25672.26172
468.4185275 25672.26172
468.4198881 66776.5
468.4198881 66776.5
468.4212487 176629.2969
468.4212487 176629.2969
468.4226092 245819.3906
468.4226092 245819.3906
468.4239698 215713.8906
468.4239698 215713.8906
468.4253304 125715.3359
468.4253304 125715.3359
468.4266911 44304.48047
468.4266911 44304.48047
468.4280796 0
468.4280796 0
468.4294402 0
468.4294402 0
468.4308008 0
468.4308008 0
468.4321615 0
468.4321615 0
468.5464758 0
468.5464758 0
468.547837 0
468.547837 0
468.5491981 0
468.5491981 0
468.5505592 0
468.5505592 0
468.5519204 0
468.5519204 0
468.5532816 194786.9219
468.5532816 194786.9219
468.5546427 1054750.5
468.5546427 1054750.5
468.5560039 3775746.5
468.5560039 3775746.5
468.5573651 10818266
468.5573651 10818266
468.5587263 18384202
468.5587263 18384202
468.5600875 23989598
468.5600875 23989598
468.5614487 19149212
468.5614487 19149212
468.5628099 11426451
468.5628099 11426451
468.5641711 4174733.75
468.5641711 4174733.75
468.5655323 1098401.25
468.5655323 1098401.25
468.5668935 167542.875
468.5668935 167542.875
468.5682547 31059.30859
468.5682547 31059.30859
468.5695881 0
468.5695881 0
468.5709493 0
468.5709493 0
468.5723106 0
468.5723106 0
468.5736718 0
468.5736718 0
468.6145121 0
468.6145121 0
468.6158735 0
468.6158735 0
468.617235 0
468.617235 0
468.6185964 0
468.6185964 0
468.6199579 30920.58008
468.6199579 30920.58008
468.6213193 70066.38281
468.6213193 70066.38281
468.6226808 105178.8516
468.6226808 105178.8516
468.6240422 107775.7813
468.6240422 107775.7813
468.6254037 73329.8125
468.6254037 73329.8125
468.6267652 28185.55859
468.6267652 28185.55859
468.6281267 0
468.6281267 0
468.6294882 0
468.6294882 0
468.6308497 0
468.6308497 0
468.6322112 0
468.6322112 0
468.7220837 0
468.7220837 0
468.7234456 0
468.7234456 0
468.7248075 0
468.7248075 0
468.7261694 0
468.7261694 0
468.7275313 21626.69141
468.7275313 21626.69141
468.7288932 132270.1406
468.7288932 132270.1406
468.7302552 239690.0469
468.7302552 239690.0469
468.7316171 310298.4375
468.7316171 310298.4375
468.732979 230458.125
468.732979 230458.125
468.734341 125556.0469
468.734341 125556.0469
468.735703 37439.27344
468.735703 37439.27344
468.7371212 0
468.7371212 0
468.7384831 0
468.7384831 0
468.7398451 0
468.7398451 0
468.7412071 0
468.7412071 0
468.8801602 0
468.8801602 0
468.8815228 0
468.8815228 0
468.8828854 0
468.8828854 0
468.884248 0
468.884248 0
468.8856106 32776.69531
468.8856106 32776.69531
468.8869732 71848.32031
468.8869732 71848.32031
468.8883359 158200.125
468.8883359 158200.125
468.8896985 605356.375
468.8896985 605356.375
468.8910611 2066316.75
468.8910611 2066316.75
468.8924238 4230634
468.8924238 4230634
468.8937864 6549613
468.8937864 6549613
468.895149 6681707
468.895149 6681707
468.8965117 4396450.5
468.8965117 4396450.5
468.8978744 2206002.75
468.8978744 2206002.75
468.899237 624572
468.899237 624572
468.9005997 158762.6406
468.9005997 158762.6406
468.9019624 110992.0469
468.9019624 110992.0469
468.9032689 113486.5547
468.9032689 113486.5547
468.9046316 76523.60156
468.9046316 76523.60156
468.9059943 1535.859131
468.9059943 1535.859131
468.907357 0
468.907357 0
468.9087197 0
468.9087197 0
468.9100824 0
468.9100824 0
468.9114451 0
468.9114451 0
468.9128078 0
468.9128078 0
468.9141706 0
468.9141706 0
468.9155333 0
468.9155333 0
468.9168961 0
468.9168961 0
468.9182588 0
468.9182588 0
468.9196216 0
468.9196216 0
468.9209843 0
468.9209843 0
468.9223471 0
468.9223471 0
468.9237099 0
468.9237099 0
468.9250727 45952.84766
468.9250727 45952.84766
468.9264355 96375.28906
468.9264355 96375.28906
468.9277982 136186.8594
468.9277982 136186.8594
468.929161 140271.7031
468.929161 140271.7031
468.9305238 105307.1016
468.9305238 105307.1016
468.9318867 54639.85156
468.9318867 54639.85156
468.9332495 0
468.9332495 0
468.9346123 0
468.9346123 0
468.9359751 0
468.9359751 0
468.937338 0
468.937338 0
468.9714108 0
468.9714108 0
468.9727738 0
468.9727738 0
468.9741368 0
468.9741368 0
468.9754998 0
468.9754998 0
468.9768628 35040.86719
468.9768628 35040.86719
468.9782258 78437.30469
468.9782258 78437.30469
468.9795888 147241.0313
468.9795888 147241.0313
468.9809518 202311.0781
468.9809518 202311.0781
468.9823149 112475.6797
468.9823149 112475.6797
468.9836779 60018.25
468.9836779 60018.25
468.9850409 17047.0293
468.9850409 17047.0293
468.9858484 0
468.9858484 0
468.9872115 0
468.9872115 0
468.9885746 0
468.9885746 0
468.9899376 0
468.9899376 0
469.2162891 0
469.2162891 0
469.2176532 0
469.2176532 0
469.2190172 0
469.2190172 0
469.2203813 0
469.2203813 0
469.2217454 0
469.2217454 0
469.2231095 57901.03906
469.2231095 57901.03906
469.2244735 395639.4688
469.2244735 395639.4688
469.2258376 947763.8125
469.2258376 947763.8125
469.2272017 1551646.5
469.2272017 1551646.5
469.2285659 1714052
469.2285659 1714052
469.22993 1215319.375
469.22993 1215319.375
469.2312941 686567.0625
469.2312941 686567.0625
469.2326582 298629.6875
469.2326582 298629.6875
469.2340223 163647.9375
469.2340223 163647.9375
469.2353865 51225.54688
469.2353865 51225.54688
469.2373062 76659.375
469.2373062 76659.375
469.2386704 0
469.2386704 0
469.2400345 0
469.2400345 0
469.2413987 0
469.2413987 0
469.2427628 0
469.2427628 0
469.244127 134142.8594
469.244127 134142.8594
469.2454912 133284.3281
469.2454912 133284.3281
469.2468554 115357.6641
469.2468554 115357.6641
469.2482196 86981.82031
469.2482196 86981.82031
469.2495838 52719.83984
469.2495838 52719.83984
469.250948 0
469.250948 0
469.2523122 0
469.2523122 0
469.2536764 0
469.2536764 0
469.2550406 0
469.2550406 0
469.2564048 0
469.2564048 0
469.2577691 0
469.2577691 0
469.2591333 61102.76563
469.2591333 61102.76563
469.2604976 106128.7031
469.2604976 106128.7031
469.2618618 132323.75
469.2618618 132323.75
469.2632261 122279.1484
469.2632261 122279.1484
469.2645903 83841.07031
469.2645903 83841.07031
469.2659546 40386.44531
469.2659546 40386.44531
469.2673189 0
469.2673189 0
469.2686832 0
469.2686832 0
469.2700475 0
469.2700475 0
469.2714118 0
469.2714118 0
469.5539483 0
469.5539483 0
469.5553138 0
469.5553138 0
469.5566793 0
469.5566793 0
469.5580449 0
469.5580449 0
469.5594104 25874.4043
469.5594104 25874.4043
469.560776 69528.48438
469.560776 69528.48438
469.5621415 122030.4766
469.5621415 122030.4766
469.5635071 148476.5
469.5635071 148476.5
469.5648727 128035
469.5648727 128035
469.5662383 73848.47656
469.5662383 73848.47656
469.5676038 19103.30469
469.5676038 19103.30469
469.5689695 0
469.5689695 0
469.5703351 0
469.5703351 0
469.5717007 0
469.5717007 0
469.5730663 0
469.5730663 0