  0.13824861E+04,  0.00000000E+00
  0.13824861E+04,  0.00000000E+00
  0.13824900E+04,  0.00000000E+00
  0.13824900E+04,  0.00000000E+00
  0.13824941E+04,  0.00000000E+00
  0.13824941E+04,  0.00000000E+00
  0.13824980E+04,  0.29865441E+05
  0.13824980E+04,  0.29865441E+05
  0.13825020E+04,  0.72171141E+05
  0.13825020E+04,  0.72171141E+05
  0.13825060E+04,  0.11033734E+06
  0.13825060E+04,  0.11033734E+06
  0.13825100E+04,  0.11749188E+06
  0.13825100E+04,  0.11749188E+06
  0.13825139E+04,  0.90151672E+05
  0.13825139E+04,  0.90151672E+05
  0.13825178E+04,  0.49814043E+05
  0.13825178E+04,  0.49814043E+05
  0.13825220E+04,  0.00000000E+00
  0.13825220E+04,  0.00000000E+00
  0.13825259E+04,  0.00000000E+00
  0.13825259E+04,  0.00000000E+00
  0.13825299E+04,  0.00000000E+00
  0.13825299E+04,  0.00000000E+00
  0.13825339E+04,  0.00000000E+00
  0.13825339E+04,  0.00000000E+00
  0.13825378E+04,  0.24320504E+05
  0.13825378E+04,  0.24320504E+05
  0.13825419E+04,  0.61154266E+05
  0.13825419E+04,  0.61154266E+05
  0.13825458E+04,  0.10572251E+06
  0.13825458E+04,  0.10572251E+06
  0.13825498E+04,  0.13207831E+06
  0.13825498E+04,  0.13207831E+06
  0.13825537E+04,  0.11878399E+06
  0.13825537E+04,  0.11878399E+06
  0.13825577E+04,  0.73039445E+05
  0.13825577E+04,  0.73039445E+05
  0.13825616E+04,  0.28165459E+05
  0.13825616E+04,  0.28165459E+05
  0.13825658E+04,  0.00000000E+00
  0.13825658E+04,  0.00000000E+00
  0.13825696E+04,  0.00000000E+00
  0.13825696E+04,  0.00000000E+00
  0.13825735E+04,  0.00000000E+00
  0.13825735E+04,  0.00000000E+00
  0.13825776E+04,  0.00000000E+00
  0.13825776E+04,  0.00000000E+00
  0.13828804E+04,  0.00000000E+00
  0.13828804E+04,  0.00000000E+00
  0.13828845E+04,  0.00000000E+00
  0.13828845E+04,  0.00000000E+00
  0.13828884E+04,  0.00000000E+00
  0.13828884E+04,  0.00000000E+00
  0.13828923E+04,  0.00000000E+00
  0.13828923E+04,  0.00000000E+00
  0.13828964E+04,  0.40953082E+05
  0.13828964E+04,  0.40953082E+05
  0.13829004E+04,  0.76157945E+05
  0.13829004E+04,  0.76157945E+05
  0.13829043E+04,  0.92965938E+05
  0.13829043E+04,  0.92965938E+05
  0.13829083E+04,  0.74787023E+05
  0.13829083E+04,  0.74787023E+05
  0.13829124E+04,  0.34896355E+05
  0.13829124E+04,  0.34896355E+05
  0.13829163E+04,  0.00000000E+00
  0.13829163E+04,  0.00000000E+00
  0.13829203E+04,  0.00000000E+00
  0.13829203E+04,  0.00000000E+00
  0.13829243E+04,  0.00000000E+00
  0.13829243E+04,  0.00000000E+00
  0.13829283E+04,  0.00000000E+00
  0.13829283E+04,  0.00000000E+00
  0.13836219E+04,  0.00000000E+00
  0.13836219E+04,  0.00000000E+00
  0.13836260E+04,  0.00000000E+00
  0.13836260E+04,  0.00000000E+00
  0.13836299E+04,  0.00000000E+00
  0.13836299E+04,  0.00000000E+00
  0.13836340E+04,  0.00000000E+00
  0.13836340E+04,  0.00000000E+00
  0.13836381E+04,  0.35932039E+05
  0.13836381E+04,  0.35932039E+05
  0.13836418E+04,  0.68347344E+05
  0.13836418E+04,  0.68347344E+05
  0.13836460E+04,  0.92834273E+05
  0.13836460E+04,  0.92834273E+05
  0.13836499E+04,  0.95758984E+05
  0.13836499E+04,  0.95758984E+05
  0.13836538E+04,  0.74570703E+05
  0.13836538E+04,  0.74570703E+05
  0.13836580E+04,  0.41521105E+05
  0.13836580E+04,  0.41521105E+05
  0.13836619E+04,  0.00000000E+00
  0.13836619E+04,  0.00000000E+00
  0.13836658E+04,  0.00000000E+00
  0.13836658E+04,  0.00000000E+00
  0.13836698E+04,  0.00000000E+00
  0.13836698E+04,  0.00000000E+00
  0.13836737E+04,  0.00000000E+00
  0.13836737E+04,  0.00000000E+00
  0.13836897E+04,  0.00000000E+00
  0.13836897E+04,  0.00000000E+00
  0.13836938E+04,  0.00000000E+00
  0.13836938E+04,  0.00000000E+00
  0.13836978E+04,  0.00000000E+00
  0.13836978E+04,  0.00000000E+00
  0.13837017E+04,  0.00000000E+00
  0.13837017E+04,  0.00000000E+00
  0.13837058E+04,  0.25532701E+05
  0.13837058E+04,  0.25532701E+05
  0.13837097E+04,  0.60159367E+05
  0.13837097E+04,  0.60159367E+05
  0.13837136E+04,  0.80379281E+05
  0.13837136E+04,  0.80379281E+05
  0.13837177E+04,  0.68692805E+05
  0.13837177E+04,  0.68692805E+05
  0.13837217E+04,  0.33392887E+05
  0.13837217E+04,  0.33392887E+05
  0.13837256E+04,  0.00000000E+00
  0.13837256E+04,  0.00000000E+00
  0.13837297E+04,  0.00000000E+00
  0.13837297E+04,  0.00000000E+00
  0.13837336E+04,  0.00000000E+00
  0.13837336E+04,  0.00000000E+00
  0.13837377E+04,  0.00000000E+00
  0.13837377E+04,  0.00000000E+00
  0.13851704E+04,  0.00000000E+00
  0.13851704E+04,  0.00000000E+00
  0.13851744E+04,  0.00000000E+00
  0.13851744E+04,  0.00000000E+00
  0.13851785E+04,  0.00000000E+00
  0.13851785E+04,  0.00000000E+00
  0.13851824E+04,  0.00000000E+00
  0.13851824E+04,  0.00000000E+00
  0.13851865E+04,  0.38146574E+05
  0.13851865E+04,  0.38146574E+05
  0.13851904E+04,  0.65704820E+05
  0.13851904E+04,  0.65704820E+05
  0.13851946E+04,  0.81266805E+05
  0.13851946E+04,  0.81266805E+05
  0.13851985E+04,  0.70911555E+05
  0.13851985E+04,  0.70911555E+05
  0.13852025E+04,  0.35603723E+05
  0.13852025E+04,  0.35603723E+05
  0.13852065E+04,  0.00000000E+00
  0.13852065E+04,  0.00000000E+00
  0.13852104E+04,  0.00000000E+00
  0.13852104E+04,  0.00000000E+00
  0.13852144E+04,  0.54683887E+05
  0.13852144E+04,  0.54683887E+05
  0.13852184E+04,  0.10223805E+06
  0.13852184E+04,  0.10223805E+06
  0.13852224E+04,  0.10872851E+06
  0.13852224E+04,  0.10872851E+06
  0.13852264E+04,  0.72571922E+05
  0.13852264E+04,  0.72571922E+05
  0.13852305E+04,  0.27935182E+05
  0.13852305E+04,  0.27935182E+05
  0.13852344E+04,  0.00000000E+00
  0.13852344E+04,  0.00000000E+00
  0.13852385E+04,  0.00000000E+00
  0.13852385E+04,  0.00000000E+00
  0.13852424E+04,  0.00000000E+00
  0.13852424E+04,  0.00000000E+00
  0.13852465E+04,  0.00000000E+00
  0.13852465E+04,  0.00000000E+00
  0.13856420E+04,  0.00000000E+00
  0.13856420E+04,  0.00000000E+00
  0.13856459E+04,  0.00000000E+00
  0.13856459E+04,  0.00000000E+00
  0.13856499E+04,  0.00000000E+00
  0.13856499E+04,  0.00000000E+00
  0.13856539E+04,  0.00000000E+00
  0.13856539E+04,  0.00000000E+00
  0.13856578E+04,  0.00000000E+00
  0.13856578E+04,  0.00000000E+00
  0.13856619E+04,  0.10161975E+06
  0.13856619E+04,  0.10161975E+06
  0.13856659E+04,  0.22286066E+06
  0.13856659E+04,  0.22286066E+06
  0.13856699E+04,  0.31038206E+06
  0.13856699E+04,  0.31038206E+06
  0.13856738E+04,  0.23821930E+06
  0.13856738E+04,  0.23821930E+06
  0.13856780E+04,  0.12992496E+06
  0.13856780E+04,  0.12992496E+06
  0.13856819E+04,  0.30251275E+05
  0.13856819E+04,  0.30251275E+05
  0.13856859E+04,  0.00000000E+00
  0.13856859E+04,  0.00000000E+00
  0.13856899E+04,  0.00000000E+00
  0.13856899E+04,  0.00000000E+00
  0.13856937E+04,  0.00000000E+00
  0.13856937E+04,  0.00000000E+00
  0.13856979E+04,  0.00000000E+00
  0.13856979E+04,  0.00000000E+00
  0.13858418E+04,  0.00000000E+00
  0.13858418E+04,  0.00000000E+00
  0.13858458E+04,  0.00000000E+00
  0.13858458E+04,  0.00000000E+00
  0.13858497E+04,  0.00000000E+00
  0.13858497E+04,  0.00000000E+00
  0.13858538E+04,  0.00000000E+00
  0.13858538E+04,  0.00000000E+00
  0.13858578E+04,  0.31494520E+05
  0.13858578E+04,  0.31494520E+05
  0.13858617E+04,  0.61250836E+05
  0.13858617E+04,  0.61250836E+05
  0.13858657E+04,  0.73371742E+05
  0.13858657E+04,  0.73371742E+05
  0.13858699E+04,  0.60902324E+05
  0.13858699E+04,  0.60902324E+05
  0.13858737E+04,  0.32829711E+05
  0.13858737E+04,  0.32829711E+05
  0.13858778E+04,  0.00000000E+00
  0.13858778E+04,  0.00000000E+00
  0.13858818E+04,  0.00000000E+00
  0.13858818E+04,  0.00000000E+00
  0.13858857E+04,  0.00000000E+00
  0.13858857E+04,  0.00000000E+00
  0.13858898E+04,  0.00000000E+00
  0.13858898E+04,  0.00000000E+00
  0.13865337E+04,  0.00000000E+00
  0.13865337E+04,  0.00000000E+00
  0.13865377E+04,  0.00000000E+00
  0.13865377E+04,  0.00000000E+00
  0.13865415E+04,  0.00000000E+00
  0.13865415E+04,  0.00000000E+00
  0.13865457E+04,  0.00000000E+00
  0.13865457E+04,  0.00000000E+00
  0.13865496E+04,  0.55802066E+05
  0.13865496E+04,  0.55802066E+05
  0.13865535E+04,  0.10279664E+06
  0.13865535E+04,  0.10279664E+06
  0.13865576E+04,  0.13827855E+06
  0.13865576E+04,  0.13827855E+06
  0.13865615E+04,  0.13991445E+06
  0.13865615E+04,  0.13991445E+06
  0.13865657E+04,  0.10588415E+06
  0.13865657E+04,  0.10588415E+06
  0.13865696E+04,  0.58749574E+05
  0.13865696E+04,  0.58749574E+05
  0.13865737E+04,  0.00000000E+00
  0.13865737E+04,  0.00000000E+00
  0.13865776E+04,  0.00000000E+00
  0.13865776E+04,  0.00000000E+00
  0.13865817E+04,  0.00000000E+00
  0.13865817E+04,  0.00000000E+00
  0.13865857E+04,  0.00000000E+00
  0.13865857E+04,  0.00000000E+00
  0.13866017E+04,  0.00000000E+00
  0.13866017E+04,  0.00000000E+00
  0.13866057E+04,  0.00000000E+00
  0.13866057E+04,  0.00000000E+00
  0.13866096E+04,  0.00000000E+00
  0.13866096E+04,  0.00000000E+00
  0.13866136E+04,  0.00000000E+00
  0.13866136E+04,  0.00000000E+00
  0.13866177E+04,  0.46735473E+05
  0.13866177E+04,  0.46735473E+05
  0.13866216E+04,  0.81452547E+05
  0.13866216E+04,  0.81452547E+05
  0.13866257E+04,  0.92523852E+05
  0.13866257E+04,  0.92523852E+05
  0.13866296E+04,  0.72134203E+05
  0.13866296E+04,  0.72134203E+05
  0.13866338E+04,  0.38865727E+05
  0.13866338E+04,  0.38865727E+05
  0.13866377E+04,  0.00000000E+00
  0.13866377E+04,  0.00000000E+00
  0.13866417E+04,  0.00000000E+00
  0.13866417E+04,  0.00000000E+00
  0.13866458E+04,  0.00000000E+00
  0.13866458E+04,  0.00000000E+00
  0.13866498E+04,  0.17817166E+05
  0.13866498E+04,  0.17817166E+05
  0.13866537E+04,  0.48342656E+05
  0.13866537E+04,  0.48342656E+05
  0.13866578E+04,  0.12898213E+06
  0.13866578E+04,  0.12898213E+06
  0.13866616E+04,  0.21139508E+06
  0.13866616E+04,  0.21139508E+06
  0.13866656E+04,  0.24508055E+06
  0.13866656E+04,  0.24508055E+06
  0.13866697E+04,  0.19472994E+06
  0.13866697E+04,  0.19472994E+06
  0.13866736E+04,  0.10715233E+06
  0.13866736E+04,  0.10715233E+06
  0.13866777E+04,  0.30721443E+05
  0.13866777E+04,  0.30721443E+05
  0.13866824E+04,  0.00000000E+00
  0.13866824E+04,  0.00000000E+00
  0.13866865E+04,  0.00000000E+00
  0.13866865E+04,  0.00000000E+00
  0.13866906E+04,  0.31654289E+05
  0.13866906E+04,  0.31654289E+05
  0.13866946E+04,  0.13670105E+06
  0.13866946E+04,  0.13670105E+06
  0.13866986E+04,  0.27700856E+06
  0.13866986E+04,  0.27700856E+06
  0.13867026E+04,  0.42102341E+06
  0.13867026E+04,  0.42102341E+06
  0.13867065E+04,  0.40601325E+06
  0.13867065E+04,  0.40601325E+06
  0.13867107E+04,  0.25570781E+06
  0.13867107E+04,  0.25570781E+06
  0.13867146E+04,  0.11436064E+06
  0.13867146E+04,  0.11436064E+06
  0.13867186E+04,  0.22034102E+05
  0.13867186E+04,  0.22034102E+05
  0.13867217E+04,  0.44935850E+04
  0.13867217E+04,  0.44935850E+04
  0.13867257E+04,  0.72152445E+05
  0.13867257E+04,  0.72152445E+05
  0.13867297E+04,  0.81963586E+05
  0.13867297E+04,  0.81963586E+05
  0.13867336E+04,  0.75412188E+05
  0.13867336E+04,  0.75412188E+05
  0.13867378E+04,  0.58059688E+05
  0.13867378E+04,  0.58059688E+05
  0.13867417E+04,  0.00000000E+00
  0.13867417E+04,  0.00000000E+00
  0.13867457E+04,  0.00000000E+00
  0.13867457E+04,  0.00000000E+00
  0.13867498E+04,  0.00000000E+00
  0.13867498E+04,  0.00000000E+00
  0.13867538E+04,  0.00000000E+00
  0.13867538E+04,  0.00000000E+00
  0.13873900E+04,  0.00000000E+00
  0.13873900E+04,  0.00000000E+00
  0.13873940E+04,  0.00000000E+00
  0.13873940E+04,  0.00000000E+00
  0.13873981E+04,  0.00000000E+00
  0.13873981E+04,  0.00000000E+00
  0.13874021E+04,  0.00000000E+00
  0.13874021E+04,  0.00000000E+00
  0.13874060E+04,  0.31103135E+05
  0.13874060E+04,  0.31103135E+05
  0.13874102E+04,  0.71798102E+05
  0.13874102E+04,  0.71798102E+05
  0.13874142E+04,  0.11613698E+06
  0.13874142E+04,  0.11613698E+06
  0.13874182E+04,  0.13996175E+06
  0.13874182E+04,  0.13996175E+06
  0.13874221E+04,  0.12936746E+06
  0.13874221E+04,  0.12936746E+06
  0.13874263E+04,  0.89141594E+05
  0.13874263E+04,  0.89141594E+05
  0.13874302E+04,  0.39710879E+05
  0.13874302E+04,  0.39710879E+05
  0.13874340E+04,  0.00000000E+00
  0.13874340E+04,  0.00000000E+00
  0.13874381E+04,  0.00000000E+00
  0.13874381E+04,  0.00000000E+00
  0.13874420E+04,  0.00000000E+00
  0.13874420E+04,  0.00000000E+00
  0.13874460E+04,  0.00000000E+00
  0.13874460E+04,  0.00000000E+00
  0.13876824E+04,  0.00000000E+00
  0.13876824E+04,  0.00000000E+00
  0.13876864E+04,  0.00000000E+00
  0.13876864E+04,  0.00000000E+00
  0.13876903E+04,  0.00000000E+00
  0.13876903E+04,  0.00000000E+00
  0.13876943E+04,  0.00000000E+00
  0.13876943E+04,  0.00000000E+00
  0.13876984E+04,  0.70077167E+03
  0.13876984E+04,  0.70077167E+03
  0.13877024E+04,  0.54645594E+05
  0.13877024E+04,  0.54645594E+05
  0.13877063E+04,  0.16936592E+06
  0.13877063E+04,  0.16936592E+06
  0.13877104E+04,  0.72647688E+06
  0.13877104E+04,  0.72647688E+06
  0.13877144E+04,  0.24824182E+07
  0.13877144E+04,  0.24824182E+07
  0.13877185E+04,  0.51631540E+07
  0.13877185E+04,  0.51631540E+07
  0.13877224E+04,  0.80407820E+07
  0.13877224E+04,  0.80407820E+07
  0.13877264E+04,  0.84169990E+07
  0.13877264E+04,  0.84169990E+07
  0.13877305E+04,  0.56726515E+07
  0.13877305E+04,  0.56726515E+07
  0.13877344E+04,  0.29710982E+07
  0.13877344E+04,  0.29710982E+07
  0.13877384E+04,  0.93419125E+06
  0.13877384E+04,  0.93419125E+06
  0.13877423E+04,  0.23486848E+06
  0.13877423E+04,  0.23486848E+06
  0.13877463E+04,  0.36194793E+05
  0.13877463E+04,  0.36194793E+05
  0.13877505E+04,  0.00000000E+00
  0.13877505E+04,  0.00000000E+00
  0.13877545E+04,  0.00000000E+00
  0.13877545E+04,  0.00000000E+00
  0.13877585E+04,  0.00000000E+00
  0.13877585E+04,  0.00000000E+00
  0.13877625E+04,  0.00000000E+00
  0.13877625E+04,  0.00000000E+00
  0.13886763E+04,  0.00000000E+00
  0.13886763E+04,  0.00000000E+00
  0.13886803E+04,  0.00000000E+00
  0.13886803E+04,  0.00000000E+00
  0.13886843E+04,  0.00000000E+00
  0.13886843E+04,  0.00000000E+00
  0.13886884E+04,  0.00000000E+00
  0.13886884E+04,  0.00000000E+00
  0.13886923E+04,  0.00000000E+00
  0.13886923E+04,  0.00000000E+00
  0.13886963E+04,  0.00000000E+00
  0.13886963E+04,  0.00000000E+00
  0.13887003E+04,  0.00000000E+00
  0.13887003E+04,  0.00000000E+00
  0.13887043E+04,  0.00000000E+00
  0.13887043E+04,  0.00000000E+00
  0.13887084E+04,  0.10427352E+06
  0.13887084E+04,  0.10427352E+06
  0.13887124E+04,  0.37356131E+06
  0.13887124E+04,  0.37356131E+06
  0.13887164E+04,  0.13146091E+07
  0.13887164E+04,  0.13146091E+07
  0.13887205E+04,  0.31806510E+07
  0.13887205E+04,  0.31806510E+07
  0.13887244E+04,  0.51906700E+07
  0.13887244E+04,  0.51906700E+07
  0.13887285E+04,  0.61294595E+07
  0.13887285E+04,  0.61294595E+07
  0.13887324E+04,  0.44943690E+07
  0.13887324E+04,  0.44943690E+07
  0.13887366E+04,  0.25625080E+07
  0.13887366E+04,  0.25625080E+07
  0.13887405E+04,  0.84434375E+06
  0.13887405E+04,  0.84434375E+06
  0.13887445E+04,  0.19520714E+06
  0.13887445E+04,  0.19520714E+06
  0.13887485E+04,  0.55137373E+04
  0.13887485E+04,  0.55137373E+04
  0.13887517E+04,  0.00000000E+00
  0.13887517E+04,  0.00000000E+00
  0.13887556E+04,  0.00000000E+00
  0.13887556E+04,  0.00000000E+00
  0.13887596E+04,  0.00000000E+00
  0.13887596E+04,  0.00000000E+00
  0.13887637E+04,  0.00000000E+00
  0.13887637E+04,  0.00000000E+00
  0.13895701E+04,  0.00000000E+00
  0.13895701E+04,  0.00000000E+00
  0.13895741E+04,  0.00000000E+00
  0.13895741E+04,  0.00000000E+00
  0.13895781E+04,  0.00000000E+00
  0.13895781E+04,  0.00000000E+00
  0.13895822E+04,  0.00000000E+00
  0.13895822E+04,  0.00000000E+00
  0.13895862E+04,  0.00000000E+00
  0.13895862E+04,  0.00000000E+00
  0.13895902E+04,  0.73531281E+05
  0.13895902E+04,  0.73531281E+05
  0.13895942E+04,  0.22821592E+06
  0.13895942E+04,  0.22821592E+06
  0.13895981E+04,  0.38992769E+06
  0.13895981E+04,  0.38992769E+06
  0.13896023E+04,  0.47550953E+06
  0.13896023E+04,  0.47550953E+06
  0.13896063E+04,  0.36171366E+06
  0.13896063E+04,  0.36171366E+06
  0.13896102E+04,  0.21147059E+06
  0.13896102E+04,  0.21147059E+06
  0.13896143E+04,  0.66129586E+05
  0.13896143E+04,  0.66129586E+05
  0.13896184E+04,  0.95197744E+04
  0.13896184E+04,  0.95197744E+04
  0.13896228E+04,  0.00000000E+00
  0.13896228E+04,  0.00000000E+00
  0.13896268E+04,  0.00000000E+00
  0.13896268E+04,  0.00000000E+00
  0.13896310E+04,  0.00000000E+00
  0.13896310E+04,  0.00000000E+00
  0.13896350E+04,  0.00000000E+00
  0.13896350E+04,  0.00000000E+00
  0.13896389E+04,  0.00000000E+00
  0.13896389E+04,  0.00000000E+00
  0.13896429E+04,  0.60004461E+05
  0.13896429E+04,  0.60004461E+05
  0.13896470E+04,  0.22616845E+06
  0.13896470E+04,  0.22616845E+06
  0.13896510E+04,  0.40290906E+06
  0.13896510E+04,  0.40290906E+06
  0.13896550E+04,  0.51099888E+06
  0.13896550E+04,  0.51099888E+06
  0.13896591E+04,  0.37959631E+06
  0.13896591E+04,  0.37959631E+06
  0.13896630E+04,  0.21136127E+06
  0.13896630E+04,  0.21136127E+06
  0.13896670E+04,  0.66301992E+05
  0.13896670E+04,  0.66301992E+05
  0.13896710E+04,  0.25134453E+05
  0.13896710E+04,  0.25134453E+05
  0.13896772E+04,  0.00000000E+00
  0.13896772E+04,  0.00000000E+00
  0.13896813E+04,  0.00000000E+00
  0.13896813E+04,  0.00000000E+00
  0.13896853E+04,  0.00000000E+00
  0.13896853E+04,  0.00000000E+00
  0.13896893E+04,  0.00000000E+00
  0.13896893E+04,  0.00000000E+00
  0.13896934E+04,  0.00000000E+00
  0.13896934E+04,  0.00000000E+00
  0.13896974E+04,  0.00000000E+00
  0.13896974E+04,  0.00000000E+00
  0.13897014E+04,  0.00000000E+00
  0.13897014E+04,  0.00000000E+00
  0.13897054E+04,  0.00000000E+00
  0.13897054E+04,  0.00000000E+00
  0.13897095E+04,  0.00000000E+00
  0.13897095E+04,  0.00000000E+00
  0.13897134E+04,  0.91869898E+05
  0.13897134E+04,  0.91869898E+05
  0.13897174E+04,  0.37884184E+06
  0.13897174E+04,  0.37884184E+06
  0.13897214E+04,  0.86669300E+06
  0.13897214E+04,  0.86669300E+06
  0.13897255E+04,  0.15329942E+07
  0.13897255E+04,  0.15329942E+07
  0.13897295E+04,  0.22183580E+07
  0.13897295E+04,  0.22183580E+07
  0.13897335E+04,  0.23417080E+07
  0.13897335E+04,  0.23417080E+07
  0.13897375E+04,  0.16569390E+07
  0.13897375E+04,  0.16569390E+07
  0.13897415E+04,  0.91835781E+06
  0.13897415E+04,  0.91835781E+06
  0.13897455E+04,  0.27176916E+06
  0.13897455E+04,  0.27176916E+06
  0.13897495E+04,  0.00000000E+00
  0.13897495E+04,  0.00000000E+00
  0.13897516E+04,  0.00000000E+00
  0.13897516E+04,  0.00000000E+00
  0.13897556E+04,  0.00000000E+00
  0.13897556E+04,  0.00000000E+00
  0.13897596E+04,  0.00000000E+00
  0.13897596E+04,  0.00000000E+00
  0.13897635E+04,  0.00000000E+00
  0.13897635E+04,  0.00000000E+00
  0.13903499E+04,  0.00000000E+00
  0.13903499E+04,  0.00000000E+00
  0.13903539E+04,  0.00000000E+00
  0.13903539E+04,  0.00000000E+00
  0.13903580E+04,  0.00000000E+00
  0.13903580E+04,  0.00000000E+00
  0.13903618E+04,  0.00000000E+00
  0.13903618E+04,  0.00000000E+00
  0.13903660E+04,  0.41967168E+05
  0.13903660E+04,  0.41967168E+05
  0.13903700E+04,  0.10399598E+06
  0.13903700E+04,  0.10399598E+06
  0.13903739E+04,  0.16032559E+06
  0.13903739E+04,  0.16032559E+06
  0.13903779E+04,  0.17334406E+06
  0.13903779E+04,  0.17334406E+06
  0.13903821E+04,  0.13405511E+06
  0.13903821E+04,  0.13405511E+06
  0.13903861E+04,  0.72909406E+05
  0.13903861E+04,  0.72909406E+05
  0.13903900E+04,  0.32333629E+05
  0.13903900E+04,  0.32333629E+05
  0.13903940E+04,  0.00000000E+00
  0.13903940E+04,  0.00000000E+00
  0.13903981E+04,  0.62738754E+05
  0.13903981E+04,  0.62738754E+05
  0.13904021E+04,  0.98266484E+05
  0.13904021E+04,  0.98266484E+05
  0.13904060E+04,  0.11320565E+06
  0.13904060E+04,  0.11320565E+06
  0.13904102E+04,  0.93311891E+05
  0.13904102E+04,  0.93311891E+05
  0.13904142E+04,  0.49036484E+05
  0.13904142E+04,  0.49036484E+05
  0.13904182E+04,  0.00000000E+00
  0.13904182E+04,  0.00000000E+00
  0.13904221E+04,  0.00000000E+00
  0.13904221E+04,  0.00000000E+00
  0.13904263E+04,  0.60032094E+05
  0.13904263E+04,  0.60032094E+05
  0.13904303E+04,  0.99362734E+05
  0.13904303E+04,  0.99362734E+05
  0.13904343E+04,  0.10967905E+06
  0.13904343E+04,  0.10967905E+06
  0.13904382E+04,  0.89729141E+05
  0.13904382E+04,  0.89729141E+05
  0.13904423E+04,  0.55784398E+05
  0.13904423E+04,  0.55784398E+05
  0.13904434E+04,  0.00000000E+00
  0.13904434E+04,  0.00000000E+00
  0.13904474E+04,  0.00000000E+00
  0.13904474E+04,  0.00000000E+00
  0.13904513E+04,  0.00000000E+00
  0.13904513E+04,  0.00000000E+00
  0.13904553E+04,  0.00000000E+00
  0.13904553E+04,  0.00000000E+00
  0.13906844E+04,  0.00000000E+00
  0.13906844E+04,  0.00000000E+00
  0.13906885E+04,  0.00000000E+00
  0.13906885E+04,  0.00000000E+00
  0.13906924E+04,  0.00000000E+00
  0.13906924E+04,  0.00000000E+00
  0.13906965E+04,  0.00000000E+00
  0.13906965E+04,  0.00000000E+00
  0.13907004E+04,  0.40832957E+05
  0.13907004E+04,  0.40832957E+05
  0.13907045E+04,  0.48716569E+06
  0.13907045E+04,  0.48716569E+06
  0.13907085E+04,  0.11535768E+07
  0.13907085E+04,  0.11535768E+07
  0.13907126E+04,  0.18649901E+07
  0.13907126E+04,  0.18649901E+07
  0.13907166E+04,  0.20360026E+07
  0.13907166E+04,  0.20360026E+07
  0.13907206E+04,  0.15148376E+07
  0.13907206E+04,  0.15148376E+07
  0.13907246E+04,  0.95419988E+06
  0.13907246E+04,  0.95419988E+06
  0.13907288E+04,  0.52172825E+06
  0.13907288E+04,  0.52172825E+06
  0.13907327E+04,  0.28400053E+06
  0.13907327E+04,  0.28400053E+06
  0.13907367E+04,  0.84514438E+05
  0.13907367E+04,  0.84514438E+05
  0.13907407E+04,  0.00000000E+00
  0.13907407E+04,  0.00000000E+00
  0.13907480E+04,  0.00000000E+00
  0.13907480E+04,  0.00000000E+00
  0.13907521E+04,  0.00000000E+00
  0.13907521E+04,  0.00000000E+00
  0.13907561E+04,  0.00000000E+00
  0.13907561E+04,  0.00000000E+00
  0.13907603E+04,  0.00000000E+00
  0.13907603E+04,  0.00000000E+00
  0.13907642E+04,  0.00000000E+00
  0.13907642E+04,  0.00000000E+00
  0.13907682E+04,  0.00000000E+00
  0.13907682E+04,  0.00000000E+00
  0.13907722E+04,  0.18545963E+05
  0.13907722E+04,  0.18545963E+05
  0.13907764E+04,  0.51661230E+05
  0.13907764E+04,  0.51661230E+05
  0.13907803E+04,  0.11542534E+06
  0.13907803E+04,  0.11542534E+06
  0.13907843E+04,  0.19418478E+06
  0.13907843E+04,  0.19418478E+06
  0.13907883E+04,  0.22606555E+06
  0.13907883E+04,  0.22606555E+06
  0.13907922E+04,  0.16489964E+06
  0.13907922E+04,  0.16489964E+06
  0.13907964E+04,  0.67230781E+05
  0.13907964E+04,  0.67230781E+05
  0.13908004E+04,  0.26173082E+05
  0.13908004E+04,  0.26173082E+05
  0.13908044E+04,  0.00000000E+00
  0.13908044E+04,  0.00000000E+00
  0.13908085E+04,  0.00000000E+00
  0.13908085E+04,  0.00000000E+00
  0.13908124E+04,  0.00000000E+00
  0.13908124E+04,  0.00000000E+00
  0.13908165E+04,  0.00000000E+00
  0.13908165E+04,  0.00000000E+00
  0.13910817E+04,  0.00000000E+00
  0.13910817E+04,  0.00000000E+00
  0.13910858E+04,  0.00000000E+00
  0.13910858E+04,  0.00000000E+00
  0.13910898E+04,  0.00000000E+00
  0.13910898E+04,  0.00000000E+00
  0.13910938E+04,  0.00000000E+00
  0.13910938E+04,  0.00000000E+00
  0.13910979E+04,  0.31442006E+05
  0.13910979E+04,  0.31442006E+05
  0.13911018E+04,  0.79604336E+05
  0.13911018E+04,  0.79604336E+05
  0.13911060E+04,  0.11703624E+06
  0.13911060E+04,  0.11703624E+06
  0.13911099E+04,  0.11553338E+06
  0.13911099E+04,  0.11553338E+06
  0.13911140E+04,  0.78250102E+05
  0.13911140E+04,  0.78250102E+05
  0.13911179E+04,  0.34142406E+05
  0.13911179E+04,  0.34142406E+05
  0.13911219E+04,  0.00000000E+00
  0.13911219E+04,  0.00000000E+00
  0.13911260E+04,  0.00000000E+00
  0.13911260E+04,  0.00000000E+00
  0.13911300E+04,  0.00000000E+00
  0.13911300E+04,  0.00000000E+00
  0.13911340E+04,  0.00000000E+00
  0.13911340E+04,  0.00000000E+00
  0.13911382E+04,  0.00000000E+00
  0.13911382E+04,  0.00000000E+00
  0.13911421E+04,  0.00000000E+00
  0.13911421E+04,  0.00000000E+00
  0.13911462E+04,  0.35243301E+05
  0.13911462E+04,  0.35243301E+05
  0.13911501E+04,  0.14203816E+06
  0.13911501E+04,  0.14203816E+06
  0.13911542E+04,  0.23140536E+06
  0.13911542E+04,  0.23140536E+06
  0.13911582E+04,  0.27269916E+06
  0.13911582E+04,  0.27269916E+06
  0.13911621E+04,  0.19665759E+06
  0.13911621E+04,  0.19665759E+06
  0.13911663E+04,  0.10693170E+06
  0.13911663E+04,  0.10693170E+06
  0.13911702E+04,  0.14124674E+05
  0.13911702E+04,  0.14124674E+05
  0.13911742E+04,  0.00000000E+00
  0.13911742E+04,  0.00000000E+00
  0.13911782E+04,  0.00000000E+00
  0.13911782E+04,  0.00000000E+00
  0.13911821E+04,  0.00000000E+00
  0.13911821E+04,  0.00000000E+00
  0.13911863E+04,  0.00000000E+00
  0.13911863E+04,  0.00000000E+00
  0.13912064E+04,  0.00000000E+00
  0.13912064E+04,  0.00000000E+00
  0.13912104E+04,  0.00000000E+00
  0.13912104E+04,  0.00000000E+00
  0.13912144E+04,  0.00000000E+00
  0.13912144E+04,  0.00000000E+00
  0.13912184E+04,  0.00000000E+00
  0.13912184E+04,  0.00000000E+00
  0.13912224E+04,  0.36097082E+05
  0.13912224E+04,  0.36097082E+05
  0.13912266E+04,  0.70111711E+05
  0.13912266E+04,  0.70111711E+05
  0.13912305E+04,  0.90351719E+05
  0.13912305E+04,  0.90351719E+05
  0.13912345E+04,  0.81891742E+05
  0.13912345E+04,  0.81891742E+05
  0.13912385E+04,  0.51043828E+05
  0.13912385E+04,  0.51043828E+05
  0.13912422E+04,  0.00000000E+00
  0.13912422E+04,  0.00000000E+00
  0.13912461E+04,  0.00000000E+00
  0.13912461E+04,  0.00000000E+00
  0.13912502E+04,  0.00000000E+00
  0.13912502E+04,  0.00000000E+00
  0.13912542E+04,  0.00000000E+00
  0.13912542E+04,  0.00000000E+00
  0.13916804E+04,  0.00000000E+00
  0.13916804E+04,  0.00000000E+00
  0.13916844E+04,  0.00000000E+00
  0.13916844E+04,  0.00000000E+00
  0.13916885E+04,  0.00000000E+00
  0.13916885E+04,  0.00000000E+00
  0.13916925E+04,  0.00000000E+00
  0.13916925E+04,  0.00000000E+00
  0.13916965E+04,  0.54646401E+04
  0.13916965E+04,  0.54646401E+04
  0.13917007E+04,  0.29544594E+06
  0.13917007E+04,  0.29544594E+06
  0.13917046E+04,  0.10949870E+07
  0.13917046E+04,  0.10949870E+07
  0.13917087E+04,  0.24256890E+07
  0.13917087E+04,  0.24256890E+07
  0.13917126E+04,  0.38561850E+07
  0.13917126E+04,  0.38561850E+07
  0.13917167E+04,  0.43454970E+07
  0.13917167E+04,  0.43454970E+07
  0.13917207E+04,  0.31527608E+07
  0.13917207E+04,  0.31527608E+07
  0.13917249E+04,  0.18180386E+07
  0.13917249E+04,  0.18180386E+07
  0.13917288E+04,  0.67885225E+06
  0.13917288E+04,  0.67885225E+06
  0.13917328E+04,  0.20725708E+06
  0.13917328E+04,  0.20725708E+06
  0.13917368E+04,  0.18050432E+05
  0.13917368E+04,  0.18050432E+05
  0.13917412E+04,  0.00000000E+00
  0.13917412E+04,  0.00000000E+00
  0.13917454E+04,  0.00000000E+00
  0.13917454E+04,  0.00000000E+00
  0.13917493E+04,  0.00000000E+00
  0.13917493E+04,  0.00000000E+00
  0.13917534E+04,  0.00000000E+00
  0.13917534E+04,  0.00000000E+00
  0.13926309E+04,  0.00000000E+00
  0.13926309E+04,  0.00000000E+00
  0.13926349E+04,  0.00000000E+00
  0.13926349E+04,  0.00000000E+00
  0.13926389E+04,  0.00000000E+00
  0.13926389E+04,  0.00000000E+00
  0.13926429E+04,  0.00000000E+00
  0.13926429E+04,  0.00000000E+00
  0.13926470E+04,  0.00000000E+00
  0.13926470E+04,  0.00000000E+00
  0.13926509E+04,  0.49025566E+05
  0.13926509E+04,  0.49025566E+05
  0.13926550E+04,  0.13828564E+06
  0.13926550E+04,  0.13828564E+06
  0.13926591E+04,  0.12223805E+06
  0.13926591E+04,  0.12223805E+06
  0.13926630E+04,  0.22113128E+06
  0.13926630E+04,  0.22113128E+06
  0.13926670E+04,  0.19382716E+06
  0.13926670E+04,  0.19382716E+06
  0.13926711E+04,  0.66770086E+05
  0.13926711E+04,  0.66770086E+05
  0.13926750E+04,  0.00000000E+00
  0.13926750E+04,  0.00000000E+00
  0.13926790E+04,  0.00000000E+00
  0.13926790E+04,  0.00000000E+00
  0.13926829E+04,  0.00000000E+00
  0.13926829E+04,  0.00000000E+00
  0.13926868E+04,  0.00000000E+00
  0.13926868E+04,  0.00000000E+00
  0.13926909E+04,  0.00000000E+00
  0.13926909E+04,  0.00000000E+00
  0.13926951E+04,  0.11377050E+06
  0.13926951E+04,  0.11377050E+06
  0.13926990E+04,  0.72129431E+06
  0.13926990E+04,  0.72129431E+06
  0.13927030E+04,  0.24358100E+07
  0.13927030E+04,  0.24358100E+07
  0.13927072E+04,  0.47493440E+07
  0.13927072E+04,  0.47493440E+07
  0.13927111E+04,  0.71542555E+07
  0.13927111E+04,  0.71542555E+07
  0.13927151E+04,  0.70478300E+07
  0.13927151E+04,  0.70478300E+07
  0.13927191E+04,  0.46409750E+07
  0.13927191E+04,  0.46409750E+07
  0.13927233E+04,  0.23686675E+07
  0.13927233E+04,  0.23686675E+07
  0.13927273E+04,  0.76899325E+06
  0.13927273E+04,  0.76899325E+06
  0.13927312E+04,  0.19172550E+06
  0.13927312E+04,  0.19172550E+06
  0.13927354E+04,  0.38670164E+04
  0.13927354E+04,  0.38670164E+04
  0.13927395E+04,  0.00000000E+00
  0.13927395E+04,  0.00000000E+00
  0.13927435E+04,  0.00000000E+00
  0.13927435E+04,  0.00000000E+00
  0.13927476E+04,  0.00000000E+00
  0.13927476E+04,  0.00000000E+00
  0.13927516E+04,  0.00000000E+00
  0.13927516E+04,  0.00000000E+00
  0.13936340E+04,  0.00000000E+00
  0.13936340E+04,  0.00000000E+00
  0.13936381E+04,  0.00000000E+00
  0.13936381E+04,  0.00000000E+00
  0.13936421E+04,  0.00000000E+00
  0.13936421E+04,  0.00000000E+00
  0.13936461E+04,  0.00000000E+00
  0.13936461E+04,  0.00000000E+00
  0.13936500E+04,  0.34881047E+05
  0.13936500E+04,  0.34881047E+05
  0.13936542E+04,  0.13329150E+06
  0.13936542E+04,  0.13329150E+06
  0.13936582E+04,  0.24377711E+06
  0.13936582E+04,  0.24377711E+06
  0.13936621E+04,  0.36281338E+06
  0.13936621E+04,  0.36281338E+06
  0.13936661E+04,  0.30383547E+06
  0.13936661E+04,  0.30383547E+06
  0.13936703E+04,  0.30153373E+05
  0.13936703E+04,  0.30153373E+05
  0.13936737E+04,  0.00000000E+00
  0.13936737E+04,  0.00000000E+00
  0.13936777E+04,  0.00000000E+00
  0.13936777E+04,  0.00000000E+00
  0.13936819E+04,  0.00000000E+00
  0.13936819E+04,  0.00000000E+00
  0.13936858E+04,  0.00000000E+00
  0.13936858E+04,  0.00000000E+00
  0.13936899E+04,  0.00000000E+00
  0.13936899E+04,  0.00000000E+00
  0.13936940E+04,  0.40697462E+06
  0.13936940E+04,  0.40697462E+06
  0.13936980E+04,  0.16542294E+07
  0.13936980E+04,  0.16542294E+07
  0.13937019E+04,  0.45359610E+07
  0.13937019E+04,  0.45359610E+07
  0.13937061E+04,  0.76099870E+07
  0.13937061E+04,  0.76099870E+07
  0.13937101E+04,  0.96825290E+07
  0.13937101E+04,  0.96825290E+07
  0.13937141E+04,  0.76753885E+07
  0.13937141E+04,  0.76753885E+07
  0.13937181E+04,  0.46285635E+07
  0.13937181E+04,  0.46285635E+07
  0.13937222E+04,  0.18404924E+07
  0.13937222E+04,  0.18404924E+07
  0.13937262E+04,  0.56535619E+06
  0.13937262E+04,  0.56535619E+06
  0.13937302E+04,  0.37101105E+05
  0.13937302E+04,  0.37101105E+05
  0.13937349E+04,  0.00000000E+00
  0.13937349E+04,  0.00000000E+00
  0.13937389E+04,  0.00000000E+00
  0.13937389E+04,  0.00000000E+00
  0.13937428E+04,  0.00000000E+00
  0.13937428E+04,  0.00000000E+00
  0.13937469E+04,  0.00000000E+00
  0.13937469E+04,  0.00000000E+00
  0.13943680E+04,  0.00000000E+00
  0.13943680E+04,  0.00000000E+00
  0.13943721E+04,  0.00000000E+00
  0.13943721E+04,  0.00000000E+00
  0.13943761E+04,  0.00000000E+00
  0.13943761E+04,  0.00000000E+00
  0.13943801E+04,  0.00000000E+00
  0.13943801E+04,  0.00000000E+00
  0.13943842E+04,  0.47267184E+05
  0.13943842E+04,  0.47267184E+05
  0.13943882E+04,  0.81741000E+05
  0.13943882E+04,  0.81741000E+05
  0.13943922E+04,  0.93211445E+05
  0.13943922E+04,  0.93211445E+05
  0.13943962E+04,  0.74306250E+05
  0.13943962E+04,  0.74306250E+05
  0.13944003E+04,  0.40323055E+05
  0.13944003E+04,  0.40323055E+05
  0.13944043E+04,  0.00000000E+00
  0.13944043E+04,  0.00000000E+00
  0.13944083E+04,  0.00000000E+00
  0.13944083E+04,  0.00000000E+00
  0.13944122E+04,  0.00000000E+00
  0.13944122E+04,  0.00000000E+00
  0.13944164E+04,  0.00000000E+00
  0.13944164E+04,  0.00000000E+00
  0.13944890E+04,  0.00000000E+00
  0.13944890E+04,  0.00000000E+00
  0.13944929E+04,  0.00000000E+00
  0.13944929E+04,  0.00000000E+00
  0.13944971E+04,  0.00000000E+00
  0.13944971E+04,  0.00000000E+00
  0.13945010E+04,  0.00000000E+00
  0.13945010E+04,  0.00000000E+00
  0.13945051E+04,  0.47226758E+05
  0.13945051E+04,  0.47226758E+05
  0.13945092E+04,  0.78549602E+05
  0.13945092E+04,  0.78549602E+05
  0.13945132E+04,  0.97349219E+05
  0.13945132E+04,  0.97349219E+05
  0.13945172E+04,  0.91581336E+05
  0.13945172E+04,  0.91581336E+05
  0.13945212E+04,  0.61710227E+05
  0.13945212E+04,  0.61710227E+05
  0.13945249E+04,  0.00000000E+00
  0.13945249E+04,  0.00000000E+00
  0.13945289E+04,  0.00000000E+00
  0.13945289E+04,  0.00000000E+00
  0.13945330E+04,  0.00000000E+00
  0.13945330E+04,  0.00000000E+00
  0.13945371E+04,  0.00000000E+00
  0.13945371E+04,  0.00000000E+00
  0.13946702E+04,  0.00000000E+00
  0.13946702E+04,  0.00000000E+00
  0.13946742E+04,  0.00000000E+00
  0.13946742E+04,  0.00000000E+00
  0.13946782E+04,  0.00000000E+00
  0.13946782E+04,  0.00000000E+00
  0.13946823E+04,  0.00000000E+00
  0.13946823E+04,  0.00000000E+00
  0.13946863E+04,  0.25250123E+05
  0.13946863E+04,  0.25250123E+05
  0.13946904E+04,  0.27490844E+06
  0.13946904E+04,  0.27490844E+06
  0.13946943E+04,  0.13311599E+07
  0.13946943E+04,  0.13311599E+07
  0.13946985E+04,  0.42613885E+07
  0.13946985E+04,  0.42613885E+07
  0.13947024E+04,  0.78069620E+07
  0.13947024E+04,  0.78069620E+07
  0.13947065E+04,  0.11193053E+08
  0.13947065E+04,  0.11193053E+08
  0.13947104E+04,  0.10243768E+08
  0.13947104E+04,  0.10243768E+08
  0.13947146E+04,  0.65331105E+07
  0.13947146E+04,  0.65331105E+07
  0.13947186E+04,  0.31146620E+07
  0.13947186E+04,  0.31146620E+07
  0.13947227E+04,  0.10095461E+07
  0.13947227E+04,  0.10095461E+07
  0.13947266E+04,  0.22315378E+06
  0.13947266E+04,  0.22315378E+06
  0.13947308E+04,  0.00000000E+00
  0.13947308E+04,  0.00000000E+00
  0.13947352E+04,  0.00000000E+00
  0.13947352E+04,  0.00000000E+00
  0.13947391E+04,  0.00000000E+00
  0.13947391E+04,  0.00000000E+00
  0.13947432E+04,  0.00000000E+00
  0.13947432E+04,  0.00000000E+00
  0.13947473E+04,  0.00000000E+00
  0.13947473E+04,  0.00000000E+00
  0.13948442E+04,  0.00000000E+00
  0.13948442E+04,  0.00000000E+00
  0.13948481E+04,  0.00000000E+00
  0.13948481E+04,  0.00000000E+00
  0.13948522E+04,  0.00000000E+00
  0.13948522E+04,  0.00000000E+00
  0.13948562E+04,  0.00000000E+00
  0.13948562E+04,  0.00000000E+00
  0.13948602E+04,  0.40499703E+05
  0.13948602E+04,  0.40499703E+05
  0.13948643E+04,  0.90310805E+05
  0.13948643E+04,  0.90310805E+05
  0.13948684E+04,  0.12781595E+06
  0.13948684E+04,  0.12781595E+06
  0.13948723E+04,  0.13046902E+06
  0.13948723E+04,  0.13046902E+06
  0.13948763E+04,  0.99388617E+05
  0.13948763E+04,  0.99388617E+05
  0.13948804E+04,  0.55933156E+05
  0.13948804E+04,  0.55933156E+05
  0.13948842E+04,  0.00000000E+00
  0.13948842E+04,  0.00000000E+00
  0.13948883E+04,  0.00000000E+00
  0.13948883E+04,  0.00000000E+00
  0.13948922E+04,  0.00000000E+00
  0.13948922E+04,  0.00000000E+00
  0.13948962E+04,  0.00000000E+00
  0.13948962E+04,  0.00000000E+00
  0.13956677E+04,  0.00000000E+00
  0.13956677E+04,  0.00000000E+00
  0.13956716E+04,  0.00000000E+00
  0.13956716E+04,  0.00000000E+00
  0.13956758E+04,  0.00000000E+00
  0.13956758E+04,  0.00000000E+00
  0.13956798E+04,  0.00000000E+00
  0.13956798E+04,  0.00000000E+00
  0.13956837E+04,  0.00000000E+00
  0.13956837E+04,  0.00000000E+00
  0.13956880E+04,  0.23215792E+06
  0.13956880E+04,  0.23215792E+06
  0.13956919E+04,  0.12742625E+07
  0.13956919E+04,  0.12742625E+07
  0.13956959E+04,  0.41250308E+07
  0.13956959E+04,  0.41250308E+07
  0.13957000E+04,  0.78339090E+07
  0.13957000E+04,  0.78339090E+07
  0.13957041E+04,  0.11622502E+08
  0.13957041E+04,  0.11622502E+08
  0.13957080E+04,  0.11319857E+08
  0.13957080E+04,  0.11319857E+08
  0.13957122E+04,  0.74698055E+07
  0.13957122E+04,  0.74698055E+07
  0.13957161E+04,  0.38332602E+07
  0.13957161E+04,  0.38332602E+07
  0.13957202E+04,  0.12758102E+07
  0.13957202E+04,  0.12758102E+07
  0.13957242E+04,  0.27390488E+06
  0.13957242E+04,  0.27390488E+06
  0.13957284E+04,  0.00000000E+00
  0.13957284E+04,  0.00000000E+00
  0.13957327E+04,  0.00000000E+00
  0.13957327E+04,  0.00000000E+00
  0.13957366E+04,  0.00000000E+00
  0.13957366E+04,  0.00000000E+00
  0.13957407E+04,  0.00000000E+00
  0.13957407E+04,  0.00000000E+00
  0.13957448E+04,  0.00000000E+00
  0.13957448E+04,  0.00000000E+00
  0.13957690E+04,  0.00000000E+00
  0.13957690E+04,  0.00000000E+00
  0.13957729E+04,  0.00000000E+00
  0.13957729E+04,  0.00000000E+00
  0.13957770E+04,  0.00000000E+00
  0.13957770E+04,  0.00000000E+00
  0.13957811E+04,  0.00000000E+00
  0.13957811E+04,  0.00000000E+00
  0.13957852E+04,  0.00000000E+00
  0.13957852E+04,  0.00000000E+00
  0.13957892E+04,  0.00000000E+00
  0.13957892E+04,  0.00000000E+00
  0.13957932E+04,  0.00000000E+00
  0.13957932E+04,  0.00000000E+00
  0.13957972E+04,  0.00000000E+00
  0.13957972E+04,  0.00000000E+00
  0.13958013E+04,  0.00000000E+00
  0.13958013E+04,  0.00000000E+00
  0.13958053E+04,  0.00000000E+00
  0.13958053E+04,  0.00000000E+00
  0.13958088E+04,  0.00000000E+00
  0.13958088E+04,  0.00000000E+00
  0.13958129E+04,  0.00000000E+00
  0.13958129E+04,  0.00000000E+00
  0.13958170E+04,  0.00000000E+00
  0.13958170E+04,  0.00000000E+00
  0.13958210E+04,  0.00000000E+00
  0.13958210E+04,  0.00000000E+00
  0.13966659E+04,  0.00000000E+00
  0.13966659E+04,  0.00000000E+00
  0.13966699E+04,  0.00000000E+00
  0.13966699E+04,  0.00000000E+00
  0.13966738E+04,  0.00000000E+00
  0.13966738E+04,  0.00000000E+00
  0.13966780E+04,  0.00000000E+00
  0.13966780E+04,  0.00000000E+00
  0.13966821E+04,  0.00000000E+00
  0.13966821E+04,  0.00000000E+00
  0.13966862E+04,  0.20019014E+06
  0.13966862E+04,  0.20019014E+06
  0.13966901E+04,  0.11200274E+07
  0.13966901E+04,  0.11200274E+07
  0.13966942E+04,  0.32912178E+07
  0.13966942E+04,  0.32912178E+07
  0.13966982E+04,  0.57684950E+07
  0.13966982E+04,  0.57684950E+07
  0.13967023E+04,  0.79821860E+07
  0.13967023E+04,  0.79821860E+07
  0.13967063E+04,  0.71823920E+07
  0.13967063E+04,  0.71823920E+07
  0.13967103E+04,  0.46418685E+07
  0.13967103E+04,  0.46418685E+07
  0.13967144E+04,  0.22700500E+07
  0.13967144E+04,  0.22700500E+07
  0.13967185E+04,  0.76514756E+06
  0.13967185E+04,  0.76514756E+06
  0.13967224E+04,  0.89680242E+05
  0.13967224E+04,  0.89680242E+05
  0.13967266E+04,  0.00000000E+00
  0.13967266E+04,  0.00000000E+00
  0.13967308E+04,  0.00000000E+00
  0.13967308E+04,  0.00000000E+00
  0.13967349E+04,  0.00000000E+00
  0.13967349E+04,  0.00000000E+00
  0.13967390E+04,  0.00000000E+00
  0.13967390E+04,  0.00000000E+00
  0.13967428E+04,  0.00000000E+00
  0.13967428E+04,  0.00000000E+00
  0.13976655E+04,  0.00000000E+00
  0.13976655E+04,  0.00000000E+00
  0.13976694E+04,  0.00000000E+00
  0.13976694E+04,  0.00000000E+00
  0.13976737E+04,  0.00000000E+00
  0.13976737E+04,  0.00000000E+00
  0.13976776E+04,  0.00000000E+00
  0.13976776E+04,  0.00000000E+00
  0.13976816E+04,  0.00000000E+00
  0.13976816E+04,  0.00000000E+00
  0.13976858E+04,  0.18028233E+06
  0.13976858E+04,  0.18028233E+06
  0.13976899E+04,  0.82969350E+06
  0.13976899E+04,  0.82969350E+06
  0.13976937E+04,  0.20462522E+07
  0.13976937E+04,  0.20462522E+07
  0.13976979E+04,  0.33663258E+07
  0.13976979E+04,  0.33663258E+07
  0.13977020E+04,  0.44143015E+07
  0.13977020E+04,  0.44143015E+07
  0.13977061E+04,  0.38879192E+07
  0.13977061E+04,  0.38879192E+07
  0.13977101E+04,  0.25451000E+07
  0.13977101E+04,  0.25451000E+07
  0.13977141E+04,  0.12681399E+07
  0.13977141E+04,  0.12681399E+07
  0.13977183E+04,  0.42486691E+06
  0.13977183E+04,  0.42486691E+06
  0.13977222E+04,  0.00000000E+00
  0.13977222E+04,  0.00000000E+00
  0.13977266E+04,  0.00000000E+00
  0.13977266E+04,  0.00000000E+00
  0.13977307E+04,  0.00000000E+00
  0.13977307E+04,  0.00000000E+00
  0.13977346E+04,  0.00000000E+00
  0.13977346E+04,  0.00000000E+00
  0.13977388E+04,  0.00000000E+00
  0.13977388E+04,  0.00000000E+00
  0.13977872E+04,  0.00000000E+00
  0.13977872E+04,  0.00000000E+00
  0.13977914E+04,  0.00000000E+00
  0.13977914E+04,  0.00000000E+00
  0.13977954E+04,  0.00000000E+00
  0.13977954E+04,  0.00000000E+00
  0.13977994E+04,  0.00000000E+00
  0.13977994E+04,  0.00000000E+00
  0.13978035E+04,  0.64869734E+05
  0.13978035E+04,  0.64869734E+05
  0.13978076E+04,  0.12525813E+06
  0.13978076E+04,  0.12525813E+06
  0.13978115E+04,  0.16371902E+06
  0.13978115E+04,  0.16371902E+06
  0.13978157E+04,  0.15254727E+06
  0.13978157E+04,  0.15254727E+06
  0.13978196E+04,  0.99793641E+05
  0.13978196E+04,  0.99793641E+05
  0.13978239E+04,  0.42169766E+05
  0.13978239E+04,  0.42169766E+05
  0.13978256E+04,  0.00000000E+00
  0.13978256E+04,  0.00000000E+00
  0.13978297E+04,  0.00000000E+00
  0.13978297E+04,  0.00000000E+00
  0.13978336E+04,  0.00000000E+00
  0.13978336E+04,  0.00000000E+00
  0.13978378E+04,  0.00000000E+00
  0.13978378E+04,  0.00000000E+00
  0.13986642E+04,  0.00000000E+00
  0.13986642E+04,  0.00000000E+00
  0.13986683E+04,  0.00000000E+00
  0.13986683E+04,  0.00000000E+00
  0.13986722E+04,  0.00000000E+00
  0.13986722E+04,  0.00000000E+00
  0.13986764E+04,  0.00000000E+00
  0.13986764E+04,  0.00000000E+00
  0.13986804E+04,  0.00000000E+00
  0.13986804E+04,  0.00000000E+00
  0.13986844E+04,  0.25003942E+06
  0.13986844E+04,  0.25003942E+06
  0.13986885E+04,  0.71561888E+06
  0.13986885E+04,  0.71561888E+06
  0.13986926E+04,  0.12186531E+07
  0.13986926E+04,  0.12186531E+07
  0.13986968E+04,  0.16702042E+07
  0.13986968E+04,  0.16702042E+07
  0.13987007E+04,  0.16064694E+07
  0.13987007E+04,  0.16064694E+07
  0.13987047E+04,  0.11613368E+07
  0.13987047E+04,  0.11613368E+07
  0.13987089E+04,  0.70164019E+06
  0.13987089E+04,  0.70164019E+06
  0.13987129E+04,  0.34100028E+06
  0.13987129E+04,  0.34100028E+06
  0.13987168E+04,  0.11399635E+06
  0.13987168E+04,  0.11399635E+06
  0.13987211E+04,  0.00000000E+00
  0.13987211E+04,  0.00000000E+00
  0.13987273E+04,  0.00000000E+00
  0.13987273E+04,  0.00000000E+00
  0.13987313E+04,  0.00000000E+00
  0.13987313E+04,  0.00000000E+00
  0.13987354E+04,  0.00000000E+00
  0.13987354E+04,  0.00000000E+00
  0.13987395E+04,  0.00000000E+00
  0.13987395E+04,  0.00000000E+00
  0.13987921E+04,  0.00000000E+00
  0.13987921E+04,  0.00000000E+00
  0.13987963E+04,  0.00000000E+00
  0.13987963E+04,  0.00000000E+00
  0.13988003E+04,  0.00000000E+00
  0.13988003E+04,  0.00000000E+00
  0.13988043E+04,  0.00000000E+00
  0.13988043E+04,  0.00000000E+00
  0.13988083E+04,  0.45797848E+05
  0.13988083E+04,  0.45797848E+05
  0.13988125E+04,  0.70425773E+05
  0.13988125E+04,  0.70425773E+05
  0.13988164E+04,  0.89631375E+05
  0.13988164E+04,  0.89631375E+05
  0.13988206E+04,  0.91992562E+05
  0.13988206E+04,  0.91992562E+05
  0.13988245E+04,  0.71147609E+05
  0.13988245E+04,  0.71147609E+05
  0.13988286E+04,  0.38169277E+05
  0.13988286E+04,  0.38169277E+05
  0.13988340E+04,  0.00000000E+00
  0.13988340E+04,  0.00000000E+00
  0.13988381E+04,  0.00000000E+00
  0.13988381E+04,  0.00000000E+00
  0.13988420E+04,  0.00000000E+00
  0.13988420E+04,  0.00000000E+00
  0.13988462E+04,  0.00000000E+00
  0.13988462E+04,  0.00000000E+00
  0.13996653E+04,  0.00000000E+00
  0.13996653E+04,  0.00000000E+00
  0.13996694E+04,  0.00000000E+00
  0.13996694E+04,  0.00000000E+00
  0.13996733E+04,  0.00000000E+00
  0.13996733E+04,  0.00000000E+00
  0.13996775E+04,  0.00000000E+00
  0.13996775E+04,  0.00000000E+00
  0.13996815E+04,  0.22010086E+05
  0.13996815E+04,  0.22010086E+05
  0.13996857E+04,  0.12157928E+06
  0.13996857E+04,  0.12157928E+06
  0.13996898E+04,  0.28073744E+06
  0.13996898E+04,  0.28073744E+06
  0.13996938E+04,  0.51065403E+06
  0.13996938E+04,  0.51065403E+06
  0.13996979E+04,  0.75412938E+06
  0.13996979E+04,  0.75412938E+06
  0.13997019E+04,  0.84491300E+06
  0.13997019E+04,  0.84491300E+06
  0.13997061E+04,  0.67628038E+06
  0.13997061E+04,  0.67628038E+06
  0.13997100E+04,  0.42013828E+06
  0.13997100E+04,  0.42013828E+06
  0.13997141E+04,  0.18307306E+06
  0.13997141E+04,  0.18307306E+06
  0.13997183E+04,  0.47544215E+05
  0.13997183E+04,  0.47544215E+05
  0.13997222E+04,  0.00000000E+00
  0.13997222E+04,  0.00000000E+00
  0.13997249E+04,  0.00000000E+00
  0.13997249E+04,  0.00000000E+00
  0.13997290E+04,  0.00000000E+00
  0.13997290E+04,  0.00000000E+00
  0.13997330E+04,  0.00000000E+00
  0.13997330E+04,  0.00000000E+00
  0.13997371E+04,  0.00000000E+00
  0.13997371E+04,  0.00000000E+00
  0.14006870E+04,  0.00000000E+00
  0.14006870E+04,  0.00000000E+00
  0.14006910E+04,  0.00000000E+00
  0.14006910E+04,  0.00000000E+00
  0.14006951E+04,  0.00000000E+00
  0.14006951E+04,  0.00000000E+00
  0.14006992E+04,  0.00000000E+00
  0.14006992E+04,  0.00000000E+00
  0.14007032E+04,  0.54587125E+05
  0.14007032E+04,  0.54587125E+05
  0.14007074E+04,  0.12800689E+06
  0.14007074E+04,  0.12800689E+06
  0.14007113E+04,  0.16326414E+06
  0.14007113E+04,  0.16326414E+06
  0.14007155E+04,  0.11218654E+06
  0.14007155E+04,  0.11218654E+06
  0.14007195E+04,  0.16540072E+05
  0.14007195E+04,  0.16540072E+05
  0.14007235E+04,  0.00000000E+00
  0.14007235E+04,  0.00000000E+00
  0.14007278E+04,  0.00000000E+00
  0.14007278E+04,  0.00000000E+00
  0.14007317E+04,  0.37024816E+05
  0.14007317E+04,  0.37024816E+05
  0.14007358E+04,  0.10829541E+06
  0.14007358E+04,  0.10829541E+06
  0.14007399E+04,  0.18571945E+06
  0.14007399E+04,  0.18571945E+06
  0.14007439E+04,  0.18262842E+06
  0.14007439E+04,  0.18262842E+06
  0.14007479E+04,  0.93382820E+05
  0.14007479E+04,  0.93382820E+05
  0.14007520E+04,  0.51633344E+05
  0.14007520E+04,  0.51633344E+05
  0.14007561E+04,  0.21840182E+05
  0.14007561E+04,  0.21840182E+05
  0.14007601E+04,  0.00000000E+00
  0.14007601E+04,  0.00000000E+00
  0.14007642E+04,  0.00000000E+00
  0.14007642E+04,  0.00000000E+00
  0.14007683E+04,  0.00000000E+00
  0.14007683E+04,  0.00000000E+00
  0.14007722E+04,  0.00000000E+00
  0.14007722E+04,  0.00000000E+00
  0.14016746E+04,  0.00000000E+00
  0.14016746E+04,  0.00000000E+00
  0.14016787E+04,  0.00000000E+00
  0.14016787E+04,  0.00000000E+00
  0.14016826E+04,  0.00000000E+00
  0.14016826E+04,  0.00000000E+00
  0.14016868E+04,  0.00000000E+00
  0.14016868E+04,  0.00000000E+00
  0.14016909E+04,  0.48337641E+05
  0.14016909E+04,  0.48337641E+05
  0.14016949E+04,  0.97649234E+05
  0.14016949E+04,  0.97649234E+05
  0.14016990E+04,  0.12557789E+06
  0.14016990E+04,  0.12557789E+06
  0.14017031E+04,  0.10973498E+06
  0.14017031E+04,  0.10973498E+06
  0.14017072E+04,  0.63691484E+05
  0.14017072E+04,  0.63691484E+05
  0.14017112E+04,  0.00000000E+00
  0.14017112E+04,  0.00000000E+00
  0.14017153E+04,  0.00000000E+00
  0.14017153E+04,  0.00000000E+00
  0.14017194E+04,  0.00000000E+00
  0.14017194E+04,  0.00000000E+00
  0.14017234E+04,  0.00000000E+00
  0.14017234E+04,  0.00000000E+00
  0.14017803E+04,  0.00000000E+00
  0.14017803E+04,  0.00000000E+00
  0.14017844E+04,  0.00000000E+00
  0.14017844E+04,  0.00000000E+00
  0.14017885E+04,  0.00000000E+00
  0.14017885E+04,  0.00000000E+00
  0.14017925E+04,  0.00000000E+00
  0.14017925E+04,  0.00000000E+00
  0.14017966E+04,  0.66023203E+05
  0.14017966E+04,  0.66023203E+05
  0.14018008E+04,  0.13348353E+06
  0.14018008E+04,  0.13348353E+06
  0.14018047E+04,  0.18408958E+06
  0.14018047E+04,  0.18408958E+06
  0.14018088E+04,  0.18365936E+06
  0.14018088E+04,  0.18365936E+06
  0.14018129E+04,  0.13306861E+06
  0.14018129E+04,  0.13306861E+06
  0.14018170E+04,  0.67484133E+05
  0.14018170E+04,  0.67484133E+05
  0.14018210E+04,  0.00000000E+00
  0.14018210E+04,  0.00000000E+00
  0.14018251E+04,  0.00000000E+00
  0.14018251E+04,  0.00000000E+00
  0.14018292E+04,  0.00000000E+00
  0.14018292E+04,  0.00000000E+00
  0.14018333E+04,  0.00000000E+00
  0.14018333E+04,  0.00000000E+00
  0.14021504E+04,  0.00000000E+00
  0.14021504E+04,  0.00000000E+00
  0.14021544E+04,  0.00000000E+00
  0.14021544E+04,  0.00000000E+00
  0.14021584E+04,  0.00000000E+00
  0.14021584E+04,  0.00000000E+00
  0.14021626E+04,  0.00000000E+00
  0.14021626E+04,  0.00000000E+00
  0.14021665E+04,  0.19473104E+05
  0.14021665E+04,  0.19473104E+05
  0.14021708E+04,  0.11943455E+06
  0.14021708E+04,  0.11943455E+06
  0.14021749E+04,  0.21951361E+06
  0.14021749E+04,  0.21951361E+06
  0.14021788E+04,  0.25765658E+06
  0.14021788E+04,  0.25765658E+06
  0.14021830E+04,  0.19182105E+06
  0.14021830E+04,  0.19182105E+06
  0.14021870E+04,  0.56925691E+05
  0.14021870E+04,  0.56925691E+05
  0.14021910E+04,  0.14803517E+05
  0.14021910E+04,  0.14803517E+05
  0.14021956E+04,  0.00000000E+00
  0.14021956E+04,  0.00000000E+00
  0.14021996E+04,  0.00000000E+00
  0.14021996E+04,  0.00000000E+00
  0.14022039E+04,  0.00000000E+00
  0.14022039E+04,  0.00000000E+00
  0.14022080E+04,  0.00000000E+00
  0.14022080E+04,  0.00000000E+00
  0.14026475E+04,  0.00000000E+00
  0.14026475E+04,  0.00000000E+00
  0.14026514E+04,  0.00000000E+00
  0.14026514E+04,  0.00000000E+00
  0.14026555E+04,  0.00000000E+00
  0.14026555E+04,  0.00000000E+00
  0.14026595E+04,  0.00000000E+00
  0.14026595E+04,  0.00000000E+00
  0.14026636E+04,  0.37889582E+05
  0.14026636E+04,  0.37889582E+05
  0.14026676E+04,  0.18819720E+06
  0.14026676E+04,  0.18819720E+06
  0.14026718E+04,  0.62632319E+06
  0.14026718E+04,  0.62632319E+06
  0.14026759E+04,  0.14509249E+07
  0.14026759E+04,  0.14509249E+07
  0.14026799E+04,  0.23537555E+07
  0.14026799E+04,  0.23537555E+07
  0.14026841E+04,  0.27017855E+07
  0.14026841E+04,  0.27017855E+07
  0.14026881E+04,  0.19285158E+07
  0.14026881E+04,  0.19285158E+07
  0.14026921E+04,  0.10672091E+07
  0.14026921E+04,  0.10672091E+07
  0.14026962E+04,  0.32517869E+06
  0.14026962E+04,  0.32517869E+06
  0.14027003E+04,  0.77294016E+05
  0.14027003E+04,  0.77294016E+05
  0.14027043E+04,  0.44822023E+05
  0.14027043E+04,  0.44822023E+05
  0.14027080E+04,  0.00000000E+00
  0.14027080E+04,  0.00000000E+00
  0.14027122E+04,  0.00000000E+00
  0.14027122E+04,  0.00000000E+00
  0.14027162E+04,  0.00000000E+00
  0.14027162E+04,  0.00000000E+00
  0.14027202E+04,  0.00000000E+00
  0.14027202E+04,  0.00000000E+00
  0.14031477E+04,  0.00000000E+00
  0.14031477E+04,  0.00000000E+00
  0.14031519E+04,  0.00000000E+00
  0.14031519E+04,  0.00000000E+00
  0.14031559E+04,  0.00000000E+00
  0.14031559E+04,  0.00000000E+00
  0.14031599E+04,  0.00000000E+00
  0.14031599E+04,  0.00000000E+00
  0.14031641E+04,  0.36857320E+05
  0.14031641E+04,  0.36857320E+05
  0.14031682E+04,  0.88511875E+05
  0.14031682E+04,  0.88511875E+05
  0.14031721E+04,  0.13190220E+06
  0.14031721E+04,  0.13190220E+06
  0.14031763E+04,  0.12889992E+06
  0.14031763E+04,  0.12889992E+06
  0.14031803E+04,  0.75398555E+05
  0.14031803E+04,  0.75398555E+05
  0.14031843E+04,  0.14589254E+05
  0.14031843E+04,  0.14589254E+05
  0.14031884E+04,  0.00000000E+00
  0.14031884E+04,  0.00000000E+00
  0.14031925E+04,  0.00000000E+00
  0.14031925E+04,  0.00000000E+00
  0.14031967E+04,  0.00000000E+00
  0.14031967E+04,  0.00000000E+00
  0.14032006E+04,  0.00000000E+00
  0.14032006E+04,  0.00000000E+00
  0.14035916E+04,  0.00000000E+00
  0.14035916E+04,  0.00000000E+00
  0.14035958E+04,  0.00000000E+00
  0.14035958E+04,  0.00000000E+00
  0.14035999E+04,  0.00000000E+00
  0.14035999E+04,  0.00000000E+00
  0.14036038E+04,  0.00000000E+00
  0.14036038E+04,  0.00000000E+00
  0.14036079E+04,  0.00000000E+00
  0.14036079E+04,  0.00000000E+00
  0.14036121E+04,  0.00000000E+00
  0.14036121E+04,  0.00000000E+00
  0.14036162E+04,  0.00000000E+00
  0.14036162E+04,  0.00000000E+00
  0.14036201E+04,  0.00000000E+00
  0.14036201E+04,  0.00000000E+00
  0.14036243E+04,  0.00000000E+00
  0.14036243E+04,  0.00000000E+00
  0.14036284E+04,  0.00000000E+00
  0.14036284E+04,  0.00000000E+00
  0.14036324E+04,  0.00000000E+00
  0.14036324E+04,  0.00000000E+00
  0.14036365E+04,  0.00000000E+00
  0.14036365E+04,  0.00000000E+00
  0.14036406E+04,  0.00000000E+00
  0.14036406E+04,  0.00000000E+00
  0.14036445E+04,  0.00000000E+00
  0.14036445E+04,  0.00000000E+00
  0.14036487E+04,  0.00000000E+00
  0.14036487E+04,  0.00000000E+00
  0.14036528E+04,  0.42009836E+05
  0.14036528E+04,  0.42009836E+05
  0.14036569E+04,  0.63702519E+06
  0.14036569E+04,  0.63702519E+06
  0.14036609E+04,  0.29439992E+07
  0.14036609E+04,  0.29439992E+07
  0.14036650E+04,  0.11241847E+08
  0.14036650E+04,  0.11241847E+08
  0.14036691E+04,  0.34101112E+08
  0.14036691E+04,  0.34101112E+08
  0.14036731E+04,  0.60435568E+08
  0.14036731E+04,  0.60435568E+08
  0.14036772E+04,  0.83267608E+08
  0.14036772E+04,  0.83267608E+08
  0.14036813E+04,  0.71275112E+08
  0.14036813E+04,  0.71275112E+08
  0.14036853E+04,  0.43700568E+08
  0.14036853E+04,  0.43700568E+08
  0.14036895E+04,  0.18244568E+08
  0.14036895E+04,  0.18244568E+08
  0.14036935E+04,  0.51135175E+07
  0.14036935E+04,  0.51135175E+07
  0.14036978E+04,  0.10477710E+07
  0.14036978E+04,  0.10477710E+07
  0.14037017E+04,  0.26420016E+06
  0.14037017E+04,  0.26420016E+06
  0.14037058E+04,  0.00000000E+00
  0.14037058E+04,  0.00000000E+00
  0.14037098E+04,  0.00000000E+00
  0.14037098E+04,  0.00000000E+00
  0.14037140E+04,  0.00000000E+00
  0.14037140E+04,  0.00000000E+00
  0.14037180E+04,  0.00000000E+00
  0.14037180E+04,  0.00000000E+00
  0.14037220E+04,  0.00000000E+00
  0.14037220E+04,  0.00000000E+00
  0.14037668E+04,  0.00000000E+00
  0.14037668E+04,  0.00000000E+00
  0.14037710E+04,  0.00000000E+00
  0.14037710E+04,  0.00000000E+00
  0.14037750E+04,  0.00000000E+00
  0.14037750E+04,  0.00000000E+00
  0.14037792E+04,  0.00000000E+00
  0.14037792E+04,  0.00000000E+00
  0.14037831E+04,  0.00000000E+00
  0.14037831E+04,  0.00000000E+00
  0.14037872E+04,  0.00000000E+00
  0.14037872E+04,  0.00000000E+00
  0.14037914E+04,  0.00000000E+00
  0.14037914E+04,  0.00000000E+00
  0.14037954E+04,  0.00000000E+00
  0.14037954E+04,  0.00000000E+00
  0.14037994E+04,  0.00000000E+00
  0.14037994E+04,  0.00000000E+00
  0.14038035E+04,  0.00000000E+00
  0.14038035E+04,  0.00000000E+00
  0.14038076E+04,  0.00000000E+00
  0.14038076E+04,  0.00000000E+00
  0.14038118E+04,  0.00000000E+00
  0.14038118E+04,  0.00000000E+00
  0.14038158E+04,  0.00000000E+00
  0.14038158E+04,  0.00000000E+00
  0.14038198E+04,  0.00000000E+00
  0.14038198E+04,  0.00000000E+00
  0.14038240E+04,  0.00000000E+00
  0.14038240E+04,  0.00000000E+00
  0.14038646E+04,  0.00000000E+00
  0.14038646E+04,  0.00000000E+00
  0.14038688E+04,  0.00000000E+00
  0.14038688E+04,  0.00000000E+00
  0.14038728E+04,  0.00000000E+00
  0.14038728E+04,  0.00000000E+00
  0.14038768E+04,  0.00000000E+00
  0.14038768E+04,  0.00000000E+00
  0.14038810E+04,  0.00000000E+00
  0.14038810E+04,  0.00000000E+00
  0.14038851E+04,  0.00000000E+00
  0.14038851E+04,  0.00000000E+00
  0.14038892E+04,  0.00000000E+00
  0.14038892E+04,  0.00000000E+00
  0.14038933E+04,  0.00000000E+00
  0.14038933E+04,  0.00000000E+00
  0.14038973E+04,  0.00000000E+00
  0.14038973E+04,  0.00000000E+00
  0.14039014E+04,  0.00000000E+00
  0.14039014E+04,  0.00000000E+00
  0.14039054E+04,  0.00000000E+00
  0.14039054E+04,  0.00000000E+00
  0.14039095E+04,  0.00000000E+00
  0.14039095E+04,  0.00000000E+00
  0.14039137E+04,  0.00000000E+00
  0.14039137E+04,  0.00000000E+00
  0.14039177E+04,  0.00000000E+00
  0.14039177E+04,  0.00000000E+00
  0.14039218E+04,  0.00000000E+00
  0.14039218E+04,  0.00000000E+00
  0.14039259E+04,  0.00000000E+00
  0.14039259E+04,  0.00000000E+00
  0.14039301E+04,  0.28362365E+05
  0.14039301E+04,  0.28362365E+05
  0.14039340E+04,  0.73696445E+05
  0.14039340E+04,  0.73696445E+05
  0.14039381E+04,  0.10979255E+06
  0.14039381E+04,  0.10979255E+06
  0.14039421E+04,  0.10924011E+06
  0.14039421E+04,  0.10924011E+06
  0.14039463E+04,  0.70811078E+05
  0.14039463E+04,  0.70811078E+05
  0.14039502E+04,  0.23201480E+05
  0.14039502E+04,  0.23201480E+05
  0.14039530E+04,  0.00000000E+00
  0.14039530E+04,  0.00000000E+00
  0.14039572E+04,  0.00000000E+00
  0.14039572E+04,  0.00000000E+00
  0.14039612E+04,  0.00000000E+00
  0.14039612E+04,  0.00000000E+00
  0.14039652E+04,  0.00000000E+00
  0.14039652E+04,  0.00000000E+00
  0.14040305E+04,  0.00000000E+00
  0.14040305E+04,  0.00000000E+00
  0.14040347E+04,  0.00000000E+00
  0.14040347E+04,  0.00000000E+00
  0.14040387E+04,  0.00000000E+00
  0.14040387E+04,  0.00000000E+00
  0.14040428E+04,  0.00000000E+00
  0.14040428E+04,  0.00000000E+00
  0.14040470E+04,  0.00000000E+00
  0.14040470E+04,  0.00000000E+00
  0.14040510E+04,  0.59629398E+05
  0.14040510E+04,  0.59629398E+05
  0.14040551E+04,  0.20412658E+06
  0.14040551E+04,  0.20412658E+06
  0.14040591E+04,  0.35489881E+06
  0.14040591E+04,  0.35489881E+06
  0.14040632E+04,  0.46285194E+06
  0.14040632E+04,  0.46285194E+06
  0.14040671E+04,  0.37612431E+06
  0.14040671E+04,  0.37612431E+06
  0.14040713E+04,  0.22846973E+06
  0.14040713E+04,  0.22846973E+06
  0.14040753E+04,  0.91515633E+05
  0.14040753E+04,  0.91515633E+05
  0.14040795E+04,  0.21422816E+05
  0.14040795E+04,  0.21422816E+05
  0.14040848E+04,  0.00000000E+00
  0.14040848E+04,  0.00000000E+00
  0.14040889E+04,  0.00000000E+00
  0.14040889E+04,  0.00000000E+00
  0.14040930E+04,  0.00000000E+00
  0.14040930E+04,  0.00000000E+00
  0.14040972E+04,  0.00000000E+00
  0.14040972E+04,  0.00000000E+00
  0.14045945E+04,  0.00000000E+00
  0.14045945E+04,  0.00000000E+00
  0.14045986E+04,  0.00000000E+00
  0.14045986E+04,  0.00000000E+00
  0.14046027E+04,  0.00000000E+00
  0.14046027E+04,  0.00000000E+00
  0.14046069E+04,  0.00000000E+00
  0.14046069E+04,  0.00000000E+00
  0.14046110E+04,  0.00000000E+00
  0.14046110E+04,  0.00000000E+00
  0.14046150E+04,  0.00000000E+00
  0.14046150E+04,  0.00000000E+00
  0.14046191E+04,  0.00000000E+00
  0.14046191E+04,  0.00000000E+00
  0.14046230E+04,  0.00000000E+00
  0.14046230E+04,  0.00000000E+00
  0.14046272E+04,  0.00000000E+00
  0.14046272E+04,  0.00000000E+00
  0.14046312E+04,  0.00000000E+00
  0.14046312E+04,  0.00000000E+00
  0.14046354E+04,  0.00000000E+00
  0.14046354E+04,  0.00000000E+00
  0.14046394E+04,  0.00000000E+00
  0.14046394E+04,  0.00000000E+00
  0.14046436E+04,  0.00000000E+00
  0.14046436E+04,  0.00000000E+00
  0.14046476E+04,  0.00000000E+00
  0.14046476E+04,  0.00000000E+00
  0.14046516E+04,  0.17397381E+06
  0.14046516E+04,  0.17397381E+06
  0.14046558E+04,  0.63207288E+06
  0.14046558E+04,  0.63207288E+06
  0.14046598E+04,  0.12667831E+07
  0.14046598E+04,  0.12667831E+07
  0.14046639E+04,  0.46710365E+07
  0.14046639E+04,  0.46710365E+07
  0.14046680E+04,  0.15917429E+08
  0.14046680E+04,  0.15917429E+08
  0.14046720E+04,  0.33458624E+08
  0.14046720E+04,  0.33458624E+08
  0.14046761E+04,  0.52322780E+08
  0.14046761E+04,  0.52322780E+08
  0.14046802E+04,  0.54867576E+08
  0.14046802E+04,  0.54867576E+08
  0.14046843E+04,  0.36883628E+08
  0.14046843E+04,  0.36883628E+08
  0.14046882E+04,  0.19192266E+08
  0.14046882E+04,  0.19192266E+08
  0.14046924E+04,  0.58926425E+07
  0.14046924E+04,  0.58926425E+07
  0.14046965E+04,  0.16037370E+07
  0.14046965E+04,  0.16037370E+07
  0.14047006E+04,  0.65859500E+06
  0.14047006E+04,  0.65859500E+06
  0.14047047E+04,  0.30013281E+06
  0.14047047E+04,  0.30013281E+06
  0.14047087E+04,  0.00000000E+00
  0.14047087E+04,  0.00000000E+00
  0.14047129E+04,  0.00000000E+00
  0.14047129E+04,  0.00000000E+00
  0.14047169E+04,  0.00000000E+00
  0.14047169E+04,  0.00000000E+00
  0.14047211E+04,  0.00000000E+00
  0.14047211E+04,  0.00000000E+00
  0.14047252E+04,  0.00000000E+00
  0.14047252E+04,  0.00000000E+00
  0.14047292E+04,  0.00000000E+00
  0.14047292E+04,  0.00000000E+00
  0.14047334E+04,  0.00000000E+00
  0.14047334E+04,  0.00000000E+00
  0.14047374E+04,  0.00000000E+00
  0.14047374E+04,  0.00000000E+00
  0.14047415E+04,  0.00000000E+00
  0.14047415E+04,  0.00000000E+00
  0.14047455E+04,  0.00000000E+00
  0.14047455E+04,  0.00000000E+00
  0.14047496E+04,  0.00000000E+00
  0.14047496E+04,  0.00000000E+00
  0.14047538E+04,  0.00000000E+00
  0.14047538E+04,  0.00000000E+00
  0.14047578E+04,  0.00000000E+00
  0.14047578E+04,  0.00000000E+00
  0.14047617E+04,  0.00000000E+00
  0.14047617E+04,  0.00000000E+00
  0.14051698E+04,  0.00000000E+00
  0.14051698E+04,  0.00000000E+00
  0.14051738E+04,  0.00000000E+00
  0.14051738E+04,  0.00000000E+00
  0.14051780E+04,  0.00000000E+00
  0.14051780E+04,  0.00000000E+00
  0.14051820E+04,  0.00000000E+00
  0.14051820E+04,  0.00000000E+00
  0.14051862E+04,  0.14994809E+05
  0.14051862E+04,  0.14994809E+05
  0.14051903E+04,  0.10300337E+06
  0.14051903E+04,  0.10300337E+06
  0.14051942E+04,  0.19391933E+06
  0.14051942E+04,  0.19391933E+06
  0.14051985E+04,  0.21025336E+06
  0.14051985E+04,  0.21025336E+06
  0.14052024E+04,  0.91001961E+05
  0.14052024E+04,  0.91001961E+05
  0.14052067E+04,  0.40141547E+05
  0.14052067E+04,  0.40141547E+05
  0.14052106E+04,  0.00000000E+00
  0.14052106E+04,  0.00000000E+00
  0.14052147E+04,  0.00000000E+00
  0.14052147E+04,  0.00000000E+00
  0.14052190E+04,  0.00000000E+00
  0.14052190E+04,  0.00000000E+00
  0.14052229E+04,  0.00000000E+00
  0.14052229E+04,  0.00000000E+00
  0.14052393E+04,  0.00000000E+00
  0.14052393E+04,  0.00000000E+00
  0.14052433E+04,  0.00000000E+00
  0.14052433E+04,  0.00000000E+00
  0.14052474E+04,  0.00000000E+00
  0.14052474E+04,  0.00000000E+00
  0.14052515E+04,  0.00000000E+00
  0.14052515E+04,  0.00000000E+00
  0.14052556E+04,  0.25672262E+05
  0.14052556E+04,  0.25672262E+05
  0.14052596E+04,  0.66776500E+05
  0.14052596E+04,  0.66776500E+05
  0.14052637E+04,  0.17662930E+06
  0.14052637E+04,  0.17662930E+06
  0.14052678E+04,  0.24581939E+06
  0.14052678E+04,  0.24581939E+06
  0.14052717E+04,  0.21571389E+06
  0.14052717E+04,  0.21571389E+06
  0.14052760E+04,  0.12571534E+06
  0.14052760E+04,  0.12571534E+06
  0.14052800E+04,  0.44304477E+05
  0.14052800E+04,  0.44304477E+05
  0.14052842E+04,  0.00000000E+00
  0.14052842E+04,  0.00000000E+00
  0.14052882E+04,  0.00000000E+00
  0.14052882E+04,  0.00000000E+00
  0.14052924E+04,  0.00000000E+00
  0.14052924E+04,  0.00000000E+00
  0.14052965E+04,  0.00000000E+00
  0.14052965E+04,  0.00000000E+00
  0.14056394E+04,  0.00000000E+00
  0.14056394E+04,  0.00000000E+00
  0.14056434E+04,  0.00000000E+00
  0.14056434E+04,  0.00000000E+00
  0.14056476E+04,  0.00000000E+00
  0.14056476E+04,  0.00000000E+00
  0.14056516E+04,  0.00000000E+00
  0.14056516E+04,  0.00000000E+00
  0.14056558E+04,  0.00000000E+00
  0.14056558E+04,  0.00000000E+00
  0.14056599E+04,  0.19478692E+06
  0.14056599E+04,  0.19478692E+06
  0.14056638E+04,  0.10547505E+07
  0.14056638E+04,  0.10547505E+07
  0.14056680E+04,  0.37757465E+07
  0.14056680E+04,  0.37757465E+07
  0.14056720E+04,  0.10818266E+08
  0.14056720E+04,  0.10818266E+08
  0.14056761E+04,  0.18384202E+08
  0.14056761E+04,  0.18384202E+08
  0.14056803E+04,  0.23989598E+08
  0.14056803E+04,  0.23989598E+08
  0.14056843E+04,  0.19149212E+08
  0.14056843E+04,  0.19149212E+08
  0.14056885E+04,  0.11426451E+08
  0.14056885E+04,  0.11426451E+08
  0.14056924E+04,  0.41747338E+07
  0.14056924E+04,  0.41747338E+07
  0.14056965E+04,  0.10984012E+07
  0.14056965E+04,  0.10984012E+07
  0.14057007E+04,  0.16754286E+06
  0.14057007E+04,  0.16754286E+06
  0.14057048E+04,  0.31059309E+05
  0.14057048E+04,  0.31059309E+05
  0.14057087E+04,  0.00000000E+00
  0.14057087E+04,  0.00000000E+00
  0.14057128E+04,  0.00000000E+00
  0.14057128E+04,  0.00000000E+00
  0.14057170E+04,  0.00000000E+00
  0.14057170E+04,  0.00000000E+00
  0.14057209E+04,  0.00000000E+00
  0.14057209E+04,  0.00000000E+00
  0.14058435E+04,  0.00000000E+00
  0.14058435E+04,  0.00000000E+00
  0.14058477E+04,  0.00000000E+00
  0.14058477E+04,  0.00000000E+00
  0.14058518E+04,  0.00000000E+00
  0.14058518E+04,  0.00000000E+00
  0.14058557E+04,  0.00000000E+00
  0.14058557E+04,  0.00000000E+00
  0.14058599E+04,  0.30920580E+05
  0.14058599E+04,  0.30920580E+05
  0.14058639E+04,  0.70066375E+05
  0.14058639E+04,  0.70066375E+05
  0.14058682E+04,  0.10517884E+06
  0.14058682E+04,  0.10517884E+06
  0.14058721E+04,  0.10777578E+06
  0.14058721E+04,  0.10777578E+06
  0.14058762E+04,  0.73329805E+05
  0.14058762E+04,  0.73329805E+05
  0.14058804E+04,  0.28185559E+05
  0.14058804E+04,  0.28185559E+05
  0.14058843E+04,  0.00000000E+00
  0.14058843E+04,  0.00000000E+00
  0.14058884E+04,  0.00000000E+00
  0.14058884E+04,  0.00000000E+00
  0.14058925E+04,  0.00000000E+00
  0.14058925E+04,  0.00000000E+00
  0.14058967E+04,  0.00000000E+00
  0.14058967E+04,  0.00000000E+00
  0.14061663E+04,  0.00000000E+00
  0.14061663E+04,  0.00000000E+00
  0.14061703E+04,  0.00000000E+00
  0.14061703E+04,  0.00000000E+00
  0.14061743E+04,  0.00000000E+00
  0.14061743E+04,  0.00000000E+00
  0.14061785E+04,  0.00000000E+00
  0.14061785E+04,  0.00000000E+00
  0.14061825E+04,  0.21626691E+05
  0.14061825E+04,  0.21626691E+05
  0.14061866E+04,  0.13227014E+06
  0.14061866E+04,  0.13227014E+06
  0.14061909E+04,  0.23969005E+06
  0.14061909E+04,  0.23969005E+06
  0.14061948E+04,  0.31029844E+06
  0.14061948E+04,  0.31029844E+06
  0.14061990E+04,  0.23045811E+06
  0.14061990E+04,  0.23045811E+06
  0.14062030E+04,  0.12555605E+06
  0.14062030E+04,  0.12555605E+06
  0.14062072E+04,  0.37439273E+05
  0.14062072E+04,  0.37439273E+05
  0.14062114E+04,  0.00000000E+00
  0.14062114E+04,  0.00000000E+00
  0.14062155E+04,  0.00000000E+00
  0.14062155E+04,  0.00000000E+00
  0.14062195E+04,  0.00000000E+00
  0.14062195E+04,  0.00000000E+00
  0.14062238E+04,  0.00000000E+00
  0.14062238E+04,  0.00000000E+00
  0.14066404E+04,  0.00000000E+00
  0.14066404E+04,  0.00000000E+00
  0.14066445E+04,  0.00000000E+00
  0.14066445E+04,  0.00000000E+00
  0.14066487E+04,  0.00000000E+00
  0.14066487E+04,  0.00000000E+00
  0.14066526E+04,  0.00000000E+00
  0.14066526E+04,  0.00000000E+00
  0.14066567E+04,  0.32776695E+05
  0.14066567E+04,  0.32776695E+05
  0.14066608E+04,  0.71848320E+05
  0.14066608E+04,  0.71848320E+05
  0.14066649E+04,  0.15820011E+06
  0.14066649E+04,  0.15820011E+06
  0.14066691E+04,  0.60535638E+06
  0.14066691E+04,  0.60535638E+06
  0.14066731E+04,  0.20663168E+07
  0.14066731E+04,  0.20663168E+07
  0.14066772E+04,  0.42306340E+07
  0.14066772E+04,  0.42306340E+07
  0.14066813E+04,  0.65496130E+07
  0.14066813E+04,  0.65496130E+07
  0.14066853E+04,  0.66817070E+07
  0.14066853E+04,  0.66817070E+07
  0.14066895E+04,  0.43964505E+07
  0.14066895E+04,  0.43964505E+07
  0.14066935E+04,  0.22060028E+07
  0.14066935E+04,  0.22060028E+07
  0.14066978E+04,  0.62457200E+06
  0.14066978E+04,  0.62457200E+06
  0.14067017E+04,  0.15876264E+06
  0.14067017E+04,  0.15876264E+06
  0.14067058E+04,  0.11099205E+06
  0.14067058E+04,  0.11099205E+06
  0.14067097E+04,  0.11348655E+06
  0.14067097E+04,  0.11348655E+06
  0.14067139E+04,  0.76523602E+05
  0.14067139E+04,  0.76523602E+05
  0.14067179E+04,  0.15358593E+04
  0.14067179E+04,  0.15358593E+04
  0.14067220E+04,  0.00000000E+00
  0.14067220E+04,  0.00000000E+00
  0.14067261E+04,  0.00000000E+00
  0.14067261E+04,  0.00000000E+00
  0.14067302E+04,  0.00000000E+00
  0.14067302E+04,  0.00000000E+00
  0.14067344E+04,  0.00000000E+00
  0.14067344E+04,  0.00000000E+00
  0.14067384E+04,  0.00000000E+00
  0.14067384E+04,  0.00000000E+00
  0.14067424E+04,  0.00000000E+00
  0.14067424E+04,  0.00000000E+00
  0.14067466E+04,  0.00000000E+00
  0.14067466E+04,  0.00000000E+00
  0.14067507E+04,  0.00000000E+00
  0.14067507E+04,  0.00000000E+00
  0.14067549E+04,  0.00000000E+00
  0.14067549E+04,  0.00000000E+00
  0.14067589E+04,  0.00000000E+00
  0.14067589E+04,  0.00000000E+00
  0.14067629E+04,  0.00000000E+00
  0.14067629E+04,  0.00000000E+00
  0.14067670E+04,  0.00000000E+00
  0.14067670E+04,  0.00000000E+00
  0.14067710E+04,  0.00000000E+00
  0.14067710E+04,  0.00000000E+00
  0.14067751E+04,  0.45952848E+05
  0.14067751E+04,  0.45952848E+05
  0.14067793E+04,  0.96375289E+05
  0.14067793E+04,  0.96375289E+05
  0.14067833E+04,  0.13618686E+06
  0.14067833E+04,  0.13618686E+06
  0.14067874E+04,  0.14027170E+06
  0.14067874E+04,  0.14027170E+06
  0.14067915E+04,  0.10530710E+06
  0.14067915E+04,  0.10530710E+06
  0.14067957E+04,  0.54639852E+05
  0.14067957E+04,  0.54639852E+05
  0.14067997E+04,  0.00000000E+00
  0.14067997E+04,  0.00000000E+00
  0.14068038E+04,  0.00000000E+00
  0.14068038E+04,  0.00000000E+00
  0.14068079E+04,  0.00000000E+00
  0.14068079E+04,  0.00000000E+00
  0.14068120E+04,  0.00000000E+00
  0.14068120E+04,  0.00000000E+00
  0.14069142E+04,  0.00000000E+00
  0.14069142E+04,  0.00000000E+00
  0.14069183E+04,  0.00000000E+00
  0.14069183E+04,  0.00000000E+00
  0.14069224E+04,  0.00000000E+00
  0.14069224E+04,  0.00000000E+00
  0.14069265E+04,  0.00000000E+00
  0.14069265E+04,  0.00000000E+00
  0.14069307E+04,  0.35040867E+05
  0.14069307E+04,  0.35040867E+05
  0.14069347E+04,  0.78437305E+05
  0.14069347E+04,  0.78437305E+05
  0.14069387E+04,  0.14724103E+06
  0.14069387E+04,  0.14724103E+06
  0.14069427E+04,  0.20231108E+06
  0.14069427E+04,  0.20231108E+06
  0.14069469E+04,  0.11247568E+06
  0.14069469E+04,  0.11247568E+06
  0.14069509E+04,  0.60018250E+05
  0.14069509E+04,  0.60018250E+05
  0.14069551E+04,  0.17047029E+05
  0.14069551E+04,  0.17047029E+05
  0.14069574E+04,  0.00000000E+00
  0.14069574E+04,  0.00000000E+00
  0.14069615E+04,  0.00000000E+00
  0.14069615E+04,  0.00000000E+00
  0.14069656E+04,  0.00000000E+00
  0.14069656E+04,  0.00000000E+00
  0.14069697E+04,  0.00000000E+00
  0.14069697E+04,  0.00000000E+00
  0.14076490E+04,  0.00000000E+00
  0.14076490E+04,  0.00000000E+00
  0.14076531E+04,  0.00000000E+00
  0.14076531E+04,  0.00000000E+00
  0.14076571E+04,  0.00000000E+00
  0.14076571E+04,  0.00000000E+00
  0.14076611E+04,  0.00000000E+00
  0.14076611E+04,  0.00000000E+00
  0.14076653E+04,  0.00000000E+00
  0.14076653E+04,  0.00000000E+00
  0.14076692E+04,  0.57901039E+05
  0.14076692E+04,  0.57901039E+05
  0.14076733E+04,  0.39563947E+06
  0.14076733E+04,  0.39563947E+06
  0.14076775E+04,  0.94776381E+06
  0.14076775E+04,  0.94776381E+06
  0.14076816E+04,  0.15516465E+07
  0.14076816E+04,  0.15516465E+07
  0.14076857E+04,  0.17140520E+07
  0.14076857E+04,  0.17140520E+07
  0.14076897E+04,  0.12153194E+07
  0.14076897E+04,  0.12153194E+07
  0.14076940E+04,  0.68656706E+06
  0.14076940E+04,  0.68656706E+06
  0.14076981E+04,  0.29862969E+06
  0.14076981E+04,  0.29862969E+06
  0.14077021E+04,  0.16364794E+06
  0.14077021E+04,  0.16364794E+06
  0.14077063E+04,  0.51225547E+05
  0.14077063E+04,  0.51225547E+05
  0.14077119E+04,  0.76659375E+05
  0.14077119E+04,  0.76659375E+05
  0.14077161E+04,  0.00000000E+00
  0.14077161E+04,  0.00000000E+00
  0.14077202E+04,  0.00000000E+00
  0.14077202E+04,  0.00000000E+00
  0.14077242E+04,  0.00000000E+00
  0.14077242E+04,  0.00000000E+00
  0.14077284E+04,  0.00000000E+00
  0.14077284E+04,  0.00000000E+00
  0.14077324E+04,  0.13414286E+06
  0.14077324E+04,  0.13414286E+06
  0.14077366E+04,  0.13328433E+06
  0.14077366E+04,  0.13328433E+06
  0.14077407E+04,  0.11535767E+06
  0.14077407E+04,  0.11535767E+06
  0.14077446E+04,  0.86981820E+05
  0.14077446E+04,  0.86981820E+05
  0.14077488E+04,  0.52719840E+05
  0.14077488E+04,  0.52719840E+05
  0.14077527E+04,  0.00000000E+00
  0.14077527E+04,  0.00000000E+00
  0.14077570E+04,  0.00000000E+00
  0.14077570E+04,  0.00000000E+00
  0.14077610E+04,  0.00000000E+00
  0.14077610E+04,  0.00000000E+00
  0.14077651E+04,  0.00000000E+00
  0.14077651E+04,  0.00000000E+00
  0.14077693E+04,  0.00000000E+00
  0.14077693E+04,  0.00000000E+00
  0.14077732E+04,  0.00000000E+00
  0.14077732E+04,  0.00000000E+00
  0.14077773E+04,  0.61102762E+05
  0.14077773E+04,  0.61102762E+05
  0.14077815E+04,  0.10612870E+06
  0.14077815E+04,  0.10612870E+06
  0.14077856E+04,  0.13232375E+06
  0.14077856E+04,  0.13232375E+06
  0.14077898E+04,  0.12227915E+06
  0.14077898E+04,  0.12227915E+06
  0.14077937E+04,  0.83841070E+05
  0.14077937E+04,  0.83841070E+05
  0.14077979E+04,  0.40386441E+05
  0.14077979E+04,  0.40386441E+05
  0.14078019E+04,  0.00000000E+00
  0.14078019E+04,  0.00000000E+00
  0.14078062E+04,  0.00000000E+00
  0.14078062E+04,  0.00000000E+00
  0.14078102E+04,  0.00000000E+00
  0.14078102E+04,  0.00000000E+00
  0.14078142E+04,  0.00000000E+00
  0.14078142E+04,  0.00000000E+00
  0.14086616E+04,  0.00000000E+00
  0.14086616E+04,  0.00000000E+00
  0.14086659E+04,  0.00000000E+00
  0.14086659E+04,  0.00000000E+00
  0.14086700E+04,  0.00000000E+00
  0.14086700E+04,  0.00000000E+00
  0.14086741E+04,  0.00000000E+00
  0.14086741E+04,  0.00000000E+00
  0.14086782E+04,  0.25874404E+05
  0.14086782E+04,  0.25874404E+05
  0.14086823E+04,  0.69528484E+05
  0.14086823E+04,  0.69528484E+05
  0.14086864E+04,  0.12203048E+06
  0.14086864E+04,  0.12203048E+06
  0.14086904E+04,  0.14847650E+06
  0.14086904E+04,  0.14847650E+06
  0.14086946E+04,  0.12803500E+06
  0.14086946E+04,  0.12803500E+06
  0.14086987E+04,  0.73848477E+05
  0.14086987E+04,  0.73848477E+05
  0.14087028E+04,  0.19103305E+05
  0.14087028E+04,  0.19103305E+05
  0.14087068E+04,  0.00000000E+00
  0.14087068E+04,  0.00000000E+00
  0.14087111E+04,  0.00000000E+00
  0.14087111E+04,  0.00000000E+00
  0.14087151E+04,  0.00000000E+00
  0.14087151E+04,  0.00000000E+00
  0.14087192E+04,  0.00000000E+00
  0.14087192E+04,  0.00000000E+00
