1240.21931627273 170.636363636364
1240.25972327273 144.545454545455
1240.300131 78.2727272727273
1240.34053927273 58.9090909090909
1240.38094827273 53.5454545454545
1240.421358 58.9090909090909
1240.46176827273 74.7272727272727
1240.50217927273 156.545454545455
1240.54259090909 292.272727272727
1240.58300327273 290.272727272727
1240.62341618182 148.636363636364
1240.66382954545 162.454545454545
1240.704244 319
1240.74465890909 281.090909090909
1240.78507436364 140.090909090909
1240.82549054545 121
1240.86590745455 221.545454545455
1240.90632527273 254.818181818182
1240.94674327273 158.272727272727
1240.98716227273 101.363636363636
1241.02758190909 95.0909090909091
1241.068002 91.4545454545455
1241.10842290909 71.0909090909091
1241.14884427273 79.9090909090909
1241.18926636364 147.909090909091
1241.22968927273 202.636363636364
1241.27011263636 137.636363636364
1241.310537 92.7272727272727
1241.35096163636 70
1241.39138709091 46.1818181818182
1241.43181318182 49.7272727272727
1241.47224009091 79
1241.51266736364 197.818181818182
1241.55309554545 344.727272727273
1241.59352427273 438.727272727273
1241.63395363636 1497.54545454545
1241.67438363636 5701.09090909091
1241.71481445455 8158.81818181818
1241.75524572727 4729.54545454545
1241.79567790909 1539.18181818182
1241.83611063636 641.272727272727
1241.87654390909 532.272727272727
1241.91697790909 393.181818181818
1241.95741254545 282.454545454545
1241.99784790909 214
1242.03828381818 170.454545454545
1242.07872054545 144.454545454545
1242.11915772727 231.272727272727
1242.15959572727 306.363636363636
1242.20003454545 258.909090909091
1242.24047363636 211.181818181818
1242.28091354545 164.181818181818
1242.32135436364 135
1242.36179554545 115.363636363636
1242.40223754545 106.545454545455
1242.44267981818 111.454545454545
1242.48312318182 157.727272727273
1242.523567 218.090909090909
1242.56401154545 272.909090909091
1242.60445663636 358.181818181818
1242.64490263636 1409.27272727273
1242.68534918182 4396.81818181818
1242.72579645455 5055.45454545455
1242.76624427273 2588.72727272727
1242.80669263636 855
1242.84714163636 452.181818181818
1242.88759163636 364.272727272727
1242.92804218182 306.272727272727
1242.96849345455 257.363636363636
1243.00894481818 224.272727272727
1243.04939745455 170
1243.08985063636 172.454545454545
1243.13030445455 237.181818181818
1243.17075863636 236.909090909091
1243.21121363636 170.727272727273
1243.25166954545 160.818181818182
1243.29212572727 147.090909090909
1243.33258281818 117
1243.37304063636 120.909090909091
1243.413499 121.181818181818
1243.45395809091 117.363636363636
1243.49441772727 129.090909090909
1243.53487818182 144.090909090909
1243.57533909091 181.727272727273
1243.61580072727 264.909090909091
1243.65626309091 880.181818181818
1243.69672609091 2031.18181818182
1243.73718963636 1969.45454545455
1243.77765390909 897.909090909091
1243.81811890909 335.454545454545
1243.85858445455 204.181818181818
1243.89905063636 222.363636363636
1243.93951763636 225.727272727273
1243.97998536364 219.636363636364
1244.02045354545 159.636363636364
1244.06092245455 142.181818181818
1244.101392 144.181818181818
1244.14186218182 154.818181818182
1244.18233309091 160.727272727273
1244.22280454545 159.272727272727
1244.26327672727 132.909090909091
1244.30374954545 112
1244.34422309091 103.909090909091
1244.38469736364 98.9090909090909
1244.42517209091 95.7272727272727
1244.46564754545 100.636363636364
1244.50612363636 91.9090909090909
1244.54660054545 122.818181818182
1244.58707790909 140.363636363636
1244.627556 172.818181818182
1244.66803481818 401
1244.70851445455 710.545454545455
1244.74899454545 550.363636363636
1244.789475 269.818181818182
1244.82995654545 161.636363636364
1244.87043863636 161.454545454545
1244.91092145455 167.090909090909
1244.95140463636 159.272727272727
1244.99188872727 131
1245.03237354545 110.818181818182
1245.07285881818 108.545454545455
1245.11334481818 108.454545454545
1245.15383154545 96.9090909090909
1245.19431881818 103
1245.23480681818 101.181818181818
1245.27529545455 101.727272727273
1245.31578481818 97.9090909090909
1245.35627472727 79.4545454545455
1245.39676518182 80.1818181818182
1245.43725663636 79.7272727272727
1245.47774854545 79.1818181818182
1245.518241 94.0909090909091
1245.55873436364 96.7272727272727
1245.59922809091 103.363636363636
1245.63972281818 112.181818181818
1245.680218 201.454545454545
1245.72071390909 264
1245.76121054545 201.545454545455
1245.80170781818 113.818181818182
1245.84220563636 112.636363636364
1245.88270409091 112.818181818182
1245.92320318182 109.636363636364
1245.96370309091 106.181818181818
1246.00420372727 103.454545454545
1246.04470472727 93.7272727272727
1246.08520663636 79.0909090909091
1246.12570909091 82.6363636363636
1246.16621209091 107.363636363636
1246.20671590909 83.8181818181818
1246.24722027273 62.5454545454545
1246.28772536364 76.0909090909091
1246.32823118182 82.0909090909091
1246.36873772727 78.8181818181818
1246.40924472727 80.4545454545455
1246.44975236364 81.6363636363636
1246.49026081818 103.545454545455
1246.53076981818 119
1246.57127963636 108.363636363636
1246.61178990909 92
1246.65230090909 95.9090909090909
1246.69281272727 122.363636363636
1246.73332509091 138.818181818182
1246.77383809091 107.727272727273
1246.81435172727 100.636363636364
1246.854866 115.181818181818
1246.89538090909 106.909090909091
1246.93589663636 90.2727272727273
1246.97641281818 91
1247.01692972727 78.0909090909091
1247.05744754545 79.8181818181818
1247.09796572727 78.2727272727273
1247.13848463636 104.545454545455
1247.17900409091 129.272727272727
1247.21952454545 130.363636363636
1247.26004545455 113.909090909091
1247.30056690909 86.6363636363636
1247.341089 58.5454545454545
1247.381612 57.2727272727273
1247.42213554545 60.2727272727273
1247.46265963636 67.9090909090909
1247.50318454545 95.4545454545455
1247.54371 148.272727272727
1247.58423627273 191.272727272727
1247.624763 175
1247.66529054545 158.636363636364
1247.70581863636 150.272727272727
1247.74634754545 101.272727272727
1247.78687690909 77.4545454545455
1247.827407 95.2727272727273
1247.86793790909 108.181818181818
1247.90846927273 88
1247.94900127273 71
1247.98953409091 72.4545454545455
1248.03006736364 78.4545454545455
1248.07060145455 74
1248.11113627273 81.9090909090909
1248.15167172727 78.9090909090909
1248.19220772727 105.181818181818
1248.23274427273 107.909090909091
1248.27328181818 90.5454545454545
1248.31381981818 60.0909090909091
1248.35435836364 56.1818181818182
1248.39489781818 53.1818181818182
1248.43543772727 59.0909090909091
1248.47597827273 82.0909090909091
1248.51651954545 118
1248.55706154545 135.363636363636
1248.59760427273 137.727272727273
1248.63814754545 175.454545454545
1248.67869145455 276.636363636364
1248.71923627273 229
1248.75978127273 121.636363636364
1248.80032727273 77.8181818181818
1248.84087372727 92
1248.88142127273 114.090909090909
1248.92196881818 96.9090909090909
1248.96251745455 81.7272727272727
1249.00306663636 67.9090909090909
1249.04361654545 52.3636363636364
1249.08416727273 61.5454545454545
1249.12471827273 63.1818181818182
1249.16527027273 74.0909090909091
1249.20582263636 80.8181818181818
1249.24637563636 81.6363636363636
1249.28692963636 65.7272727272727
1249.32748409091 58.5454545454545
1249.36803918182 51.1818181818182
1249.40859490909 47
1249.44915136364 44.1818181818182
1249.48970863636 76.0909090909091
1249.53026627273 100.636363636364
1249.57082463636 111.545454545455
1249.61138363636 194.727272727273
1249.65194363636 526.363636363636
1249.69250372727 689.181818181818
1249.73306481818 454.909090909091
1249.77362663636 208.818181818182
1249.81418890909 126.545454545455
1249.854752 88
1249.89531563636 75.9090909090909
1249.93588 79.3636363636364
1249.976445 76.5454545454545
1250.01701063636 68.7272727272727
1250.05757709091 57.3636363636364
1250.098144 51.8181818181818
1250.13871163636 63.2727272727273
1250.17927981818 74.1818181818182
1250.21984881818 82.5454545454545
1250.26041845455 67.1818181818182
1250.30098872727 57.9090909090909
1250.34155972727 52.1818181818182
1250.38213136364 53.7272727272727
1250.42270345455 52.0909090909091
1250.46327636364 51.1818181818182
1250.50384990909 65.3636363636364
1250.54442418182 101.090909090909
1250.58499918182 181.545454545455
1250.62557445455 743.454545454545
1250.66615072727 1737.09090909091
1250.70672754545 1652.18181818182
1250.74730518182 737.636363636364
1250.78788336364 275.454545454545
1250.82846218182 147.545454545455
1250.86904154545 137.636363636364
1250.90962163636 131.909090909091
1250.95020245455 114.636363636364
1250.99078409091 99.6363636363636
1251.03136618182 95.2727272727273
1251.07194890909 97.6363636363636
1251.11253236364 115.454545454545
1251.15311636364 98.3636363636364
1251.19370127273 99.0909090909091
1251.23428654545 94.9090909090909
1251.27487263636 82.7272727272727
1251.31545936364 70.8181818181818
1251.35604681818 73.1818181818182
1251.39663481818 67.7272727272727
1251.43722345455 68.7272727272727
1251.47781281818 81
1251.51840281818 129.818181818182
1251.55899354545 250.818181818182
1251.59958481818 742.090909090909
1251.64017681818 2706.72727272727
1251.68076945455 4387.90909090909
1251.72136281818 2875.63636363636
1251.76195681818 1014.81818181818
1251.80255136364 402.636363636364
1251.84314681818 268
1251.88374281818 200.727272727273
1251.92433909091 179
1251.96493645455 146.818181818182
1252.00553427273 132.272727272727
1252.04613281818 132.272727272727
1252.086732 143.090909090909
1252.127332 162.272727272727
1252.16793281818 122.272727272727
1252.20853381818 92.7272727272727
1252.24913581818 86.8181818181818
1252.289738 99.6363636363636
1252.33034145455 100.545454545455
1252.370945 88
1252.41154981818 87.2727272727273
1252.45215481818 82.5454545454545
1252.49276072727 125.272727272727
1252.533367 196.636363636364
1252.57397418182 539
1252.614582 2418.09090909091
1252.65519054545 6901.63636363636
1252.69579972727 7397.90909090909
1252.73640945455 3524.63636363636
1252.77701972727 1084.09090909091
1252.81763090909 530.909090909091
1252.85824272727 388.454545454545
1252.898855 309.363636363636
1252.939468 239.909090909091
1252.98008172727 195
1253.02069609091 173.818181818182
1253.06131127273 188.363636363636
1253.10192681818 263.909090909091
1253.14254327273 284.909090909091
1253.18316027273 230.636363636364
1253.22377781818 191.636363636364
1253.26439627273 160
1253.30501527273 142.818181818182
1253.34563481818 150.818181818182
1253.38625518182 164.363636363636
1253.42687609091 139.545454545455
1253.46749754545 161.272727272727
1253.50811990909 219.727272727273
1253.54874272727 355.363636363636
1253.58936636364 1161.45454545455
1253.62999054545 5883
1253.67061545455 10913.5454545455
1253.71124118182 7937.09090909091
1253.75186736364 2802.09090909091
1253.79249427273 1020.81818181818
1253.83312181818 644.363636363636
1253.87374990909 520.545454545455
1253.91437881818 389.363636363636
1253.95500827273 323.545454545455
1253.99563836364 255.909090909091
1254.03626927273 215.454545454545
1254.07690081818 312.818181818182
1254.117533 447.363636363636
1254.15816572727 281.454545454545
1254.19879927273 229.363636363636
1254.23943327273 218.090909090909
1254.28006818182 227
1254.32070327273 197.181818181818
1254.36133963636 188.545454545455
1254.40197627273 199.090909090909
1254.44261381818 213.454545454545
1254.48325190909 227.454545454545
1254.52389045455 291.454545454545
1254.56453 497.818181818182
1254.60517 2325.09090909091
1254.64581072727 7710.27272727273
1254.68645218182 9667.36363636364
1254.72709418182 5056.18181818182
1254.76773672727 1671.90909090909
1254.80838018182 741.181818181818
1254.84902418182 553.818181818182
1254.88966872727 440.909090909091
1254.93031418182 386.818181818182
1254.97096009091 313.454545454545
1255.01160654545 243.090909090909
1255.05225381818 248.818181818182
1255.09290181818 396.272727272727
1255.13355036364 380.909090909091
1255.17419972727 256.909090909091
1255.21484954545 215.909090909091
1255.25550018182 228.636363636364
1255.29615136364 221.181818181818
1255.33680327273 204
1255.37745581818 193.727272727273
1255.41810909091 205.727272727273
1255.45876290909 191.181818181818
1255.49941745455 223.090909090909
1255.54007245455 291.818181818182
1255.58072845455 704.363636363636
1255.62138490909 2887.90909090909
1255.66204218182 6007.09090909091
1255.70269990909 5020.45454545455
1255.74335845455 2107.18181818182
1255.78401745455 785.454545454545
1255.82467736364 514.545454545455
1255.86533772727 405.727272727273
1255.90599890909 347.545454545455
1255.94666054545 299.636363636364
1255.98732318182 266.454545454545
1256.02798618182 240.090909090909
1256.06864981818 288.363636363636
1256.10931436364 341
1256.14997936364 289.545454545455
1256.19064509091 206.636363636364
1256.23131136364 187.545454545455
1256.27197836364 190.454545454545
1256.31264618182 205.545454545455
1256.35331436364 164.363636363636
1256.39398345455 188.818181818182
1256.43465318182 173.545454545455
1256.47532345455 176.818181818182
1256.51599436364 228.181818181818
1256.556666 263.545454545455
1256.59733836364 551.181818181818
1256.63801136364 1726
1256.67868490909 2443.54545454545
1256.71935936364 1560.63636363636
1256.76003409091 592.909090909091
1256.80070972727 309.090909090909
1256.84138590909 254.454545454545
1256.88206281818 272.909090909091
1256.92274045455 244.727272727273
1256.96341863636 207.181818181818
1257.00409745455 185.090909090909
1257.04477709091 197.181818181818
1257.08545727273 216.909090909091
1257.12613818182 219.090909090909
1257.16681963636 186.545454545455
1257.20750172727 178.272727272727
1257.24818463636 165.363636363636
1257.28886818182 169.272727272727
1257.32955218182 151.727272727273
1257.37023709091 150.272727272727
1257.41092254545 161.181818181818
1257.45160863636 152.636363636364
1257.49229545455 153.272727272727
1257.53298281818 190.272727272727
1257.57367081818 206.090909090909
1257.61435963636 376
1257.65504909091 745.363636363636
1257.69573909091 779.727272727273
1257.73642981818 458.272727272727
1257.77712136364 241.363636363636
1257.81781336364 176
1257.858506 167.909090909091
1257.89919945455 163.363636363636
1257.93989345455 173.363636363636
1257.98058809091 158
1258.02128345455 147.454545454545
1258.06197945455 157
1258.102676 141.545454545455
1258.14337327273 154.818181818182
1258.18407127273 190.818181818182
1258.22476990909 173
1258.26546927273 147.909090909091
1258.30616927273 145.545454545455
1258.34686972727 140.272727272727
1258.38757109091 121.909090909091
1258.42827290909 116.454545454545
1258.46897545455 140.545454545455
1258.50967863636 171.272727272727
1258.55038263636 189.272727272727
1258.59108727273 192.454545454545
1258.63179236364 250.181818181818
1258.67249827273 334.727272727273
1258.71320481818 283.636363636364
1258.75391190909 187
1258.79461981818 131.090909090909
1258.83532836364 108.909090909091
1258.87603745455 126.181818181818
1258.91674736364 135.909090909091
1258.95745763636 117.818181818182
1258.99816890909 116.545454545455
1259.03888054545 110.272727272727
1259.07959309091 112.363636363636
1259.12030636364 143.727272727273
1259.16102 190.454545454545
1259.20173445455 179.818181818182
1259.24244945455 140.363636363636
1259.28316527273 108.454545454545
1259.32388163636 108.727272727273
1259.36459872727 116.090909090909
1259.40531645455 106.090909090909
1259.44603472727 105
1259.48675381818 130.727272727273
1259.52747345455 174
1259.56819390909 189.909090909091
1259.60891490909 166.363636363636
1259.64963654545 164.181818181818
1259.69035890909 169.454545454545
1259.73108190909 137.090909090909
1259.77180545455 111.818181818182
1259.81252972727 116.090909090909
1259.85325472727 133.181818181818
1259.89398036364 171.909090909091
1259.93470663636 215.636363636364
1259.97543345455 198.454545454545
1260.01616118182 137.454545454545
1260.05688945455 123.636363636364
1260.09761818182 115.909090909091
1260.13834790909 130.272727272727
1260.17907818182 131.181818181818
1260.21980890909 110
1260.26054045455 102.090909090909
1260.30127254545 103.272727272727
1260.34200554545 96.0909090909091
1260.38273918182 98
1260.42347318182 95.0909090909091
1260.46420818182 110.363636363636
1260.50494345455 180.181818181818
1260.54567963636 270.818181818182
1260.58641645455 252.090909090909
1260.627154 159.090909090909
1260.66789218182 134.090909090909
1260.70863072727 121.909090909091
1260.74937027273 93.1818181818182
1260.79011027273 77.8181818181818
1260.83085127273 85.4545454545455
1260.87159245455 87.2727272727273
1260.91233454545 110.181818181818
1260.95307727273 112.909090909091
1260.99382054545 108.090909090909
1261.03456454545 127.272727272727
1261.07530936364 132.272727272727
1261.11605463636 106.090909090909
1261.15680072727 99.6363636363636
1261.19754754545 95.6363636363636
1261.23829472727 71.3636363636364
1261.27904263636 63.8181818181818
1261.31979145455 63
1261.36054063636 66.8181818181818
1261.40129063636 65.6363636363636
1261.44204136364 66
1261.48279263636 80.4545454545455
1261.52354454545 139.272727272727
1261.56429727273 184.090909090909
1261.60505045455 162.909090909091
1261.64580436364 132.454545454545
1261.686559 116.272727272727
1261.72731418182 88.4545454545455
1261.76807009091 64.6363636363636
1261.80882663636 68.1818181818182
1261.84958381818 81.8181818181818
1261.89034172727 84.5454545454545
1261.93110027273 92.0909090909091
1261.97185945455 96.2727272727273
1262.01261918182 111
1262.05337981818 117.363636363636
1262.09414090909 97.6363636363636
1262.13490281818 82.1818181818182
1262.17566518182 83.6363636363636
1262.21642827273 71.4545454545455
1262.25719209091 79.4545454545455
1262.29795663636 82.0909090909091
1262.33872181818 66.6363636363636
1262.37948754545 54
1262.42025390909 61.3636363636364
1262.46102090909 75.4545454545455
1262.50178881818 101.363636363636
1262.54255718182 140.818181818182
1262.58332618182 168.181818181818
1262.62409581818 141
1262.66486627273 128.181818181818
1262.70563736364 127.545454545455
1262.74640890909 102.272727272727
1262.78718145455 80.4545454545455
1262.82795445455 72.6363636363636
1262.868728 68.5454545454545
1262.90950245455 76.6363636363636
1262.95027745455 78.2727272727273
1262.99105290909 73.7272727272727
1263.03182945455 86.9090909090909
1263.07260645455 101.181818181818
1263.11338381818 103.363636363636
1263.15416218182 119.272727272727
1263.19494109091 108.636363636364
1263.23572054545 102.727272727273
1263.27650063636 85.8181818181818
1263.31728163636 64
1263.35806345455 64.7272727272727
1263.39884554545 72.1818181818182
1263.43962845455 75.2727272727273
1263.48041190909 90.9090909090909
1263.52119645455 151.090909090909
1263.56198136364 241
1263.60276654545 287.545454545455
1263.64355254545 522.545454545455
1263.68433954545 798.545454545455
1263.72512718182 591.545454545455
1263.76591536364 258.545454545455
1263.80670409091 150.909090909091
1263.84749354545 120.454545454545
1263.88828354545 132.363636363636
1263.92907445455 123.636363636364
1263.96986554545 109
1264.01065781818 106
1264.05145054545 99.7272727272727
1264.09224418182 103.272727272727
1264.13303818182 126.818181818182
1264.17383281818 131.909090909091
1264.21462818182 121.727272727273
1264.25542427273 105.363636363636
1264.29622109091 85.3636363636364
1264.33701845455 61.8181818181818
1264.37781645455 60.6363636363636
1264.41861518182 65.4545454545455
