759.956227727273 55.4545454545455
759.987858181818 56
760.019489181818 62.6363636363636
760.051120727273 73.9090909090909
760.082753090909 71.9090909090909
760.114386 75
760.146019636364 98.7272727272727
760.177653909091 113
760.209288818182 97.0909090909091
760.240924545455 77.9090909090909
760.272560727273 86.2727272727273
760.304197636364 148.454545454545
760.335835363636 175.454545454545
760.367473545455 169.818181818182
760.399112454545 139
760.430751909091 111.090909090909
760.462392181818 96.8181818181818
760.494033 88.7272727272727
760.525674545455 119.090909090909
760.557316545455 156.090909090909
760.588959454545 138.818181818182
760.620602909091 104.818181818182
760.652247181818 109.272727272727
760.683892 96
760.715537454545 79.8181818181818
760.747183636364 72.9090909090909
760.778830454546 91.6363636363636
760.810477909091 115.818181818182
760.842125909091 121
760.873774727273 125.727272727273
760.905424 93.2727272727273
760.937074181818 64.9090909090909
760.968724818182 67.5454545454545
761.000376363636 93.3636363636364
761.032028363636 93.0909090909091
761.063681 71.7272727272727
761.095334454545 63.1818181818182
761.126988545455 105.181818181818
761.158643181818 165.363636363636
761.190298636364 132.545454545455
761.221954636364 78.7272727272727
761.253611090909 76.4545454545455
761.285268545455 97.2727272727273
761.316926545454 217
761.348585090909 713.454545454545
761.380244545455 6165.63636363636
761.411904454545 25017.1818181818
761.443565090909 29014.4545454545
761.475226272727 12293.5454545455
761.506888090909 3103.36363636364
761.538550909091 1382.36363636364
761.570214 1016.45454545455
761.601877909091 777
761.633542454545 590.181818181818
761.665207818182 450.545454545455
761.696873636364 344.454545454545
761.72854 341.181818181818
761.760207272727 900.545454545455
761.791875 809.909090909091
761.823543727273 322.909090909091
761.855212818182 267.909090909091
761.886882727273 303.363636363636
761.918553090909 279.181818181818
761.950224272727 243.909090909091
761.981895909091 249.727272727273
762.013568636364 261
762.045241727273 252.636363636364
762.076915545455 255.818181818182
762.108589818182 246.363636363636
762.140264909091 251.272727272727
762.171940636364 257.272727272727
762.203617181818 232.818181818182
762.235294181818 198.090909090909
762.266972090909 212.909090909091
762.298650181818 250.454545454545
762.330329181818 337.272727272727
762.362009181818 766.727272727273
762.393689272727 5071.81818181818
762.425370272727 12738.1818181818
762.457052090909 10634.5454545455
762.488734363636 3548
762.520417363636 1136.18181818182
762.552101090909 741.727272727273
762.583785272727 609.454545454545
762.615470363636 514.909090909091
762.647156 450.454545454545
762.678842272727 376.727272727273
762.710529272727 330.363636363636
762.742216727273 377
762.773905 605.454545454545
762.805594 444.090909090909
762.837283545455 367.818181818182
762.868973727273 327.636363636364
762.900664636364 276.727272727273
762.932356272727 256.909090909091
762.964048363636 268.272727272727
762.995741272727 279.363636363636
763.027434909091 268.090909090909
763.059128909091 245
763.090823818182 234.909090909091
763.122519272727 243
763.154215636363 247.727272727273
763.185912090909 248
763.217609818182 255.363636363636
763.249307909091 231.545454545455
763.281006818182 242.909090909091
763.312706 285.818181818182
763.344406181818 352.909090909091
763.376106909091 622.454545454545
763.407808272727 2348.81818181818
763.439510363636 3526.81818181818
763.471213090909 2045.45454545455
763.502916636364 671.636363636364
763.534620727273 394.454545454545
763.566325363636 298.181818181818
763.598030909091 278.181818181818
763.629736909091 268.090909090909
763.661443454546 265.090909090909
763.693150909091 248.363636363636
763.724858909091 236.727272727273
763.756567454545 251.090909090909
763.788276818182 315.727272727273
763.819986818182 292.545454545455
763.851697363636 320.181818181818
763.883408636364 274.272727272727
763.915120636364 217.363636363636
763.946833363636 209.909090909091
763.978546636364 181.272727272727
764.010260454545 190.454545454545
764.041975 201.363636363636
764.073690454545 163.363636363636
764.105406272727 158.727272727273
764.137122636364 139.090909090909
764.168839909091 136.454545454545
764.200557909091 142.818181818182
764.232276363637 160.636363636364
764.263995636364 177.909090909091
764.295715272727 215.909090909091
764.327436 341.636363636364
764.359157090909 454.818181818182
764.390879 573.090909090909
764.422601272727 896
764.454324454545 824.909090909091
764.486048181818 453.636363636364
764.517772909091 273.181818181818
764.549498090909 212.272727272727
764.581223818182 180.363636363636
764.612950181818 177.727272727273
764.644677181818 204.272727272727
764.676405181818 251
764.708133363636 221.363636363636
764.739862363636 158.454545454545
764.771592363637 143.636363636364
764.803322363636 177.363636363636
764.835053454545 239.090909090909
764.866785363636 257.818181818182
764.898517545455 212.636363636364
764.930250545455 156.181818181818
764.961984363636 142.181818181818
764.993718545455 154.545454545455
765.025453545455 163.272727272727
765.057189454545 160.727272727273
765.088925545455 128.909090909091
765.120662454545 113.363636363636
765.152400363636 136.363636363636
765.184138454546 162.090909090909
765.215877363637 143.818181818182
765.247617090909 142.727272727273
765.279357181818 149.454545454545
765.311098090909 221.909090909091
765.342839909091 321.818181818182
765.374582 442.272727272727
765.406324909091 709.090909090909
765.438068454545 714.727272727273
765.469812818182 383.181818181818
765.501557636364 247.545454545455
765.533303 209.818181818182
765.565049181818 195.818181818182
765.596796 185.636363636364
765.628543454545 166.272727272727
765.660291818182 167
765.692040454545 161.090909090909
765.723789909091 133.545454545455
765.755540363636 132.545454545455
765.787290909091 118.818181818182
765.819042454545 139.363636363636
765.850794454545 182.090909090909
765.882547363636 185.363636363636
765.914300545455 141.363636363636
765.946054636364 125.181818181818
765.977809545455 132.181818181818
766.009564818182 131.090909090909
766.041320818182 104.636363636364
766.073077636364 109.363636363636
766.104834818182 105
766.136592818182 109.090909090909
766.168351818182 104.090909090909
766.200110818182 119
766.231870909091 116.727272727273
766.263631818182 121.454545454545
766.295392909091 126.545454545455
766.327154909091 157.272727272727
766.358917636364 417.272727272727
766.390680909091 1455.36363636364
766.422444909091 2035.09090909091
766.454209545455 1138.09090909091
766.485974818182 379.636363636364
766.517740727273 266.909090909091
766.549507272727 216.272727272727
766.581274454545 169.545454545455
766.613042363636 149.363636363636
766.644811090909 185.636363636364
766.676580181818 272.636363636364
766.708350181818 264.636363636364
766.740120636364 200.363636363636
766.771891818182 175.909090909091
766.803663636364 150.636363636364
766.835436090909 165.909090909091
766.867209363636 151.454545454545
766.898983272727 130
766.930757545455 124.363636363636
766.962532818182 127.909090909091
766.994308545454 120.363636363636
767.026085181818 128
767.057862181818 125.454545454545
767.089640090909 117.454545454545
767.121418272727 85.9090909090909
767.153197363636 95.0909090909091
767.184977181818 112.090909090909
767.216757636363 107.727272727273
767.248538909091 110
767.280320272727 134.818181818182
767.312103 208.454545454545
767.343886 517.727272727273
767.375669545454 2780.45454545455
767.407454 6209.27272727273
767.439239 4750.72727272727
767.471024636364 1602.81818181818
767.502811 506.545454545455
767.534597909091 368.818181818182
767.566385636364 298.363636363636
767.598173818182 253.090909090909
767.629962818182 227.727272727273
767.661752363636 227.909090909091
767.693542636364 221.181818181818
767.725333545455 238.363636363636
767.757125272727 310.909090909091
767.788917363636 219.272727272727
767.820710363636 159.909090909091
767.852504090909 145.454545454545
767.884298181818 141.545454545455
767.916093090909 136.272727272727
767.947888727273 123.545454545455
767.979684909091 133.272727272727
768.011481727273 133.181818181818
768.043279181818 115.090909090909
768.075077454545 112.454545454545
768.106876272727 111.818181818182
768.138675727273 118.090909090909
768.170475909091 144.181818181818
768.202276727273 133.909090909091
768.234078363636 135.181818181818
768.265880454545 143.818181818182
768.297683181818 205.181818181818
768.329486454545 508
768.361290545454 3665.81818181818
768.393095454545 13985.4545454545
768.424900727273 15992.2727272727
768.456707 6809.36363636364
768.488513545455 1810.63636363636
768.520321181818 839.909090909091
768.552129272727 613.454545454545
768.583937727273 465.454545454545
768.615747272727 432.636363636364
768.647557363636 417.454545454545
768.679367909091 396.909090909091
768.711179363636 431.363636363636
768.742991363637 664.090909090909
768.774803909091 556.818181818182
768.806617272727 288.363636363636
768.838431181818 235.545454545455
768.870245909091 237.818181818182
768.902061090909 202.636363636364
768.933877090909 213.636363636364
768.965693727273 223.636363636364
768.997511090909 259.272727272727
769.029328909091 250.909090909091
769.061147363636 207.636363636364
769.092966727273 181.090909090909
769.124786636364 179.727272727273
769.156607181818 190.181818181818
769.188428454545 185.636363636364
769.220250363636 181.818181818182
769.252072818182 238.818181818182
769.283896090909 310.909090909091
769.315719909091 635.272727272727
769.347544363636 3350.54545454545
769.379369454546 19409.3636363636
769.411195363636 32011.4545454545
769.443021636364 19098.2727272727
769.474849 5088.45454545455
769.506676727273 1835.63636363636
769.538505272727 1278.63636363636
769.570334363636 981.636363636364
769.602164181818 791.454545454545
769.633994727273 668.818181818182
769.665825727273 528.818181818182
769.697657363636 512.454545454545
769.729489818182 851.181818181818
769.761322818182 1204.72727272727
769.793156636364 586.272727272727
769.824991 474.363636363636
769.856826090909 418.272727272727
769.888661727273 398
769.920498181818 353.090909090909
769.952335181818 363.909090909091
769.984172818182 354.727272727273
770.016011181818 355.818181818182
770.047850181818 340.272727272727
770.079689818182 371
770.111530181818 361.545454545455
770.143370909091 318.909090909091
770.175212454546 322.272727272727
770.207054909091 298.545454545455
770.238897909091 306.090909090909
770.270741454545 394.363636363636
770.302585545455 693.090909090909
770.334430545455 2159
770.366276272727 14667
770.398122545454 37461.4545454545
770.429969545454 31228.0909090909
770.461816636364 10426.8181818182
770.493665 2817.27272727273
770.525513818182 1719
770.557363545455 1341.45454545455
770.589213545455 1098.81818181818
770.621064454545 883.818181818182
770.652915909091 800.272727272727
770.684768090909 654.909090909091
770.716620909091 794.636363636364
770.748474454545 1519
770.780328454545 1028
770.812183272727 626.181818181818
770.844038818182 619.454545454545
770.875894818182 554.272727272727
770.907751727273 494.363636363636
770.939609 453.545454545455
770.971467090909 491.454545454545
771.003325727273 489.181818181818
771.035185363637 458.181818181818
771.067045454546 454.363636363636
771.098906 452.454545454545
771.130767454546 370.545454545455
771.162629454545 348.454545454545
771.194492181818 380.909090909091
771.226355454546 404.636363636364
771.258219454545 405.454545454545
771.290084181818 512.545454545455
771.321949454545 1043
771.353815454545 5701.81818181818
771.385682 20928.6363636364
771.417549454546 24840.7272727273
771.449417272727 11283.0909090909
771.481285909091 3062.81818181818
771.513155090909 1483.27272727273
771.545024909091 1174.54545454545
771.576895727273 960.727272727273
771.608766818182 818.454545454545
771.640638818182 711.363636363636
771.672511454545 627.636363636364
771.704384727273 678.181818181818
771.736258454545 1109.09090909091
771.768132909091 990
771.800008181818 533.363636363636
771.831883909091 447.818181818182
771.863760636364 460.090909090909
771.895637727273 462.454545454545
771.927515545455 449.545454545455
771.959394 399.181818181818
771.991273 411.090909090909
772.023153 431.090909090909
772.055033454546 451.545454545455
772.086914636364 443.272727272727
772.118796181818 402.363636363636
772.150678727273 348.090909090909
772.182561727273 355.272727272727
772.214445727273 384.818181818182
772.246329909091 456.090909090909
772.278214909091 506.545454545455
772.310100727273 601.181818181818
772.341987 1034.18181818182
772.373874090909 4448.18181818182
772.405761818182 8251.54545454545
772.437650181818 5691.72727272727
772.469539272727 1866.81818181818
772.501428909091 790.454545454545
772.533319272727 587
772.565210181818 569.090909090909
772.597101909091 574.090909090909
772.628994090909 518.727272727273
772.660887090909 430.181818181818
772.692780818182 406
772.724675 461.181818181818
772.75657 567.909090909091
772.788465727273 415.363636363636
772.820361909091 385.181818181818
772.852258909091 389.272727272727
772.884156363636 350.090909090909
772.916054454545 312.818181818182
772.947953454546 304.727272727273
772.979853090909 307.818181818182
773.011753272727 309.727272727273
773.043654090909 306.545454545455
773.075555454546 314.545454545455
773.107457727273 297.454545454545
773.139360454545 303.818181818182
773.171264181818 275.545454545455
773.203168272727 263.181818181818
773.235073181818 305.363636363636
773.266978545455 374.181818181818
773.298884636363 377.818181818182
773.330791454545 421.636363636364
773.362699 743.545454545455
773.394607 1765.72727272727
773.426515727273 1803.45454545455
773.458425090909 896.181818181818
773.490335181818 418.727272727273
773.522246 338.090909090909
773.554157363636 330.818181818182
773.586069363636 357.636363636364
773.617982090909 363
773.649895545455 336.909090909091
773.681809545455 308.363636363636
773.713724090909 298
773.745639545455 295.636363636364
773.777555545454 252.818181818182
773.809472181818 241.363636363636
773.841389454545 264.454545454545
773.873307454545 289.272727272727
773.905226272727 275.545454545455
773.937145454545 231.545454545455
773.969065454545 224.272727272727
774.000986 215.818181818182
774.032907363636 210.636363636364
774.064829363636 193.272727272727
774.096751545454 201.454545454545
774.128675090909 206.090909090909
774.160598909091 197.090909090909
774.192523545455 179.636363636364
774.224448636363 213.272727272727
774.256374636364 283.181818181818
774.288301181818 284.363636363636
774.320228181818 265.909090909091
774.352156090909 299.272727272727
774.384084818182 442.545454545455
774.416013818182 493.090909090909
774.447943818182 360.909090909091
774.479873909091 271.727272727273
774.511805272727 227.909090909091
774.543736909091 214.090909090909
774.575669636364 224.090909090909
774.607602727273 221.636363636364
774.639536545455 251.363636363636
774.671470818182 254.909090909091
774.703406 222.454545454545
774.735341636364 218.454545454545
774.767278090909 200.090909090909
774.799215181818 192.636363636364
774.831152909091 166.818181818182
774.863091272727 189.181818181818
774.895030363636 205.181818181818
774.92697 196.090909090909
774.958910363636 167.727272727273
774.990851363636 196.454545454545
775.022793181818 197.727272727273
775.054735363636 185.636363636364
775.086678272727 159.454545454545
775.118622 204.272727272727
775.150566454545 214.363636363636
775.182511363636 172
775.214456727273 155.272727272727
775.246403363636 179.363636363636
775.278350181818 216.909090909091
775.310297727273 229.454545454545
775.342245818182 231.272727272727
775.374194818182 249.090909090909
775.406144454545 238.363636363636
775.438094727273 201.818181818182
775.470045636364 178.909090909091
775.501997090909 170.727272727273
775.533949181818 163
775.565902090909 174.727272727273
775.597855818182 199.818181818182
775.62981 224.909090909091
775.661764818182 222.090909090909
775.693720181818 207.818181818182
775.725676272727 186.818181818182
775.757633181818 172.545454545455
775.789590636364 146.272727272727
775.821548909091 161.727272727273
775.853507545455 166.818181818182
775.885467 170.090909090909
775.917427090909 165.090909090909
775.949387909091 156.272727272727
775.981349363636 132.818181818182
776.013311363636 145.818181818182
776.045274181818 138.909090909091
776.077237454545 140.454545454545
776.109201545455 142.909090909091
776.141166272727 172.636363636364
776.173131636364 175.727272727273
776.205097727273 154.181818181818
776.237064272727 138.545454545455
776.269031727273 161.727272727273
776.300999818182 168.090909090909
776.332968363636 196.181818181818
776.364937727273 242.363636363636
776.396907727273 281.363636363636
776.428878181818 247.454545454545
776.460849727273 194.727272727273
776.492821636364 172.727272727273
776.524794 161.909090909091
776.556767545454 168.636363636364
776.588741272727 187.727272727273
776.620715818182 169.363636363636
776.652691 174.363636363636
776.684667 195.727272727273
776.716643636364 195.363636363636
776.748620818182 174.727272727273
776.780598727273 142.818181818182
776.812577272727 139.909090909091
776.844556363636 139.818181818182
776.876536272727 170.727272727273
776.908516727273 181.818181818182
776.940498 155.272727272727
776.972479818182 137.545454545455
777.004462272727 115.727272727273
777.036445272727 137.090909090909
777.068429272727 144.545454545455
777.100413636364 134.636363636364
777.132398727273 125.727272727273
777.164384454545 124.272727272727
777.196371 128.363636363636
777.228358090909 140.545454545455
777.260345818182 127.818181818182
777.292334181818 111.454545454545
777.324323272727 151.545454545455
777.356312909091 234.545454545455
777.388303363636 299.818181818182
777.420294363636 462.454545454545
777.452286090909 1725.18181818182
777.484278454545 3344.72727272727
777.516271454546 2382.09090909091
777.548265 852
777.580259454545 379.636363636364
777.612254454545 281.090909090909
777.644250090909 223.181818181818
777.676246454545 226.636363636364
777.708243454545 228.272727272727
777.740241090909 206.727272727273
