  0.75998792E+03,  0.56000000E+02
  0.76001947E+03,  0.62636364E+02
  0.76005109E+03,  0.73909096E+02
  0.76008276E+03,  0.71909096E+02
  0.76011438E+03,  0.75000000E+02
  0.76014594E+03,  0.98727264E+02
  0.76017767E+03,  0.11300000E+03
  0.76020923E+03,  0.97090904E+02
  0.76024091E+03,  0.77909096E+02
  0.76027258E+03,  0.86272728E+02
  0.76030420E+03,  0.14845454E+03
  0.76033582E+03,  0.17545454E+03
  0.76036749E+03,  0.16981818E+03
  0.76039911E+03,  0.13900000E+03
  0.76043079E+03,  0.11109090E+03
  0.76046240E+03,  0.96818184E+02
  0.76049408E+03,  0.88727264E+02
  0.76052570E+03,  0.11909090E+03
  0.76055731E+03,  0.15609091E+03
  0.76058899E+03,  0.13881818E+03
  0.76062061E+03,  0.10481818E+03
  0.76065222E+03,  0.10927273E+03
  0.76068384E+03,  0.96000000E+02
  0.76071552E+03,  0.79818184E+02
  0.76074719E+03,  0.72909096E+02
  0.76077881E+03,  0.91636353E+02
  0.76081049E+03,  0.11581818E+03
  0.76084210E+03,  0.12100000E+03
  0.76087372E+03,  0.12572726E+03
  0.76090546E+03,  0.93272728E+02
  0.76093713E+03,  0.64909096E+02
  0.76096869E+03,  0.67545456E+02
  0.76100037E+03,  0.93363640E+02
  0.76103204E+03,  0.93090904E+02
  0.76106366E+03,  0.71727264E+02
  0.76109534E+03,  0.63181820E+02
  0.76112695E+03,  0.10518182E+03
  0.76115863E+03,  0.16536363E+03
  0.76119025E+03,  0.13254544E+03
  0.76122198E+03,  0.78727264E+02
  0.76125360E+03,  0.76454552E+02
  0.76128528E+03,  0.97272728E+02
  0.76131689E+03,  0.21700000E+03
  0.76134851E+03,  0.71345459E+03
  0.76138025E+03,  0.61656362E+04
  0.76141193E+03,  0.25017182E+05
  0.76144354E+03,  0.29014455E+05
  0.76147522E+03,  0.12293545E+05
  0.76150684E+03,  0.31033635E+04
  0.76153857E+03,  0.13823638E+04
  0.76157019E+03,  0.10164546E+04
  0.76160181E+03,  0.77700000E+03
  0.76163354E+03,  0.59018176E+03
  0.76166516E+03,  0.45054547E+03
  0.76169684E+03,  0.34445450E+03
  0.76172858E+03,  0.34118179E+03
  0.76176019E+03,  0.90054547E+03
  0.76179187E+03,  0.80990906E+03
  0.76182355E+03,  0.32290909E+03
  0.76185516E+03,  0.26790909E+03
  0.76188684E+03,  0.30336362E+03
  0.76191858E+03,  0.27918179E+03
  0.76195020E+03,  0.24390909E+03
  0.76198187E+03,  0.24972728E+03
  0.76201355E+03,  0.26100000E+03
  0.76204523E+03,  0.25263637E+03
  0.76207690E+03,  0.25581818E+03
  0.76210852E+03,  0.24636363E+03
  0.76214020E+03,  0.25127272E+03
  0.76217194E+03,  0.25727277E+03
  0.76220361E+03,  0.23281818E+03
  0.76223529E+03,  0.19809091E+03
  0.76226697E+03,  0.21290909E+03
  0.76229871E+03,  0.25045454E+03
  0.76233032E+03,  0.33727277E+03
  0.76236200E+03,  0.76672729E+03
  0.76239368E+03,  0.50718174E+04
  0.76242542E+03,  0.12738182E+05
  0.76245709E+03,  0.10634545E+05
  0.76248871E+03,  0.35480000E+04
  0.76252045E+03,  0.11361818E+04
  0.76255212E+03,  0.74172729E+03
  0.76258374E+03,  0.60945459E+03
  0.76261548E+03,  0.51490906E+03
  0.76264716E+03,  0.45045450E+03
  0.76267883E+03,  0.37672726E+03
  0.76271051E+03,  0.33036362E+03
  0.76274219E+03,  0.37700000E+03
  0.76277393E+03,  0.60545459E+03
  0.76280554E+03,  0.44409088E+03
  0.76283728E+03,  0.36781818E+03
  0.76286896E+03,  0.32763638E+03
  0.76290070E+03,  0.27672726E+03
  0.76293243E+03,  0.25690909E+03
  0.76296411E+03,  0.26827277E+03
  0.76299579E+03,  0.27936362E+03
  0.76302747E+03,  0.26809088E+03
  0.76305908E+03,  0.24500000E+03
  0.76309082E+03,  0.23490909E+03
  0.76312250E+03,  0.24300000E+03
  0.76315417E+03,  0.24772728E+03
  0.76318591E+03,  0.24800000E+03
  0.76321765E+03,  0.25536363E+03
  0.76324927E+03,  0.23154544E+03
  0.76328101E+03,  0.24290909E+03
  0.76331268E+03,  0.28581818E+03
  0.76334442E+03,  0.35290909E+03
  0.76337610E+03,  0.62245459E+03
  0.76340784E+03,  0.23488181E+04
  0.76343951E+03,  0.35268181E+04
  0.76347119E+03,  0.20454546E+04
  0.76350293E+03,  0.67163635E+03
  0.76353467E+03,  0.39445450E+03
  0.76356628E+03,  0.29818179E+03
  0.76359802E+03,  0.27818179E+03
  0.76362964E+03,  0.26809088E+03
  0.76366144E+03,  0.26509088E+03
  0.76369318E+03,  0.24836363E+03
  0.76372491E+03,  0.23672728E+03
  0.76375653E+03,  0.25109091E+03
  0.76378827E+03,  0.31572726E+03
  0.76381995E+03,  0.29254547E+03
  0.76385162E+03,  0.32018179E+03
  0.76388342E+03,  0.27427277E+03
  0.76391516E+03,  0.21736363E+03
  0.76394678E+03,  0.20990909E+03
  0.76397858E+03,  0.18127272E+03
  0.76401025E+03,  0.19045454E+03
  0.76404193E+03,  0.20136363E+03
  0.76407367E+03,  0.16336363E+03
  0.76410541E+03,  0.15872728E+03
  0.76413715E+03,  0.13909091E+03
  0.76416876E+03,  0.13645454E+03
  0.76420056E+03,  0.14281818E+03
  0.76423230E+03,  0.16063637E+03
  0.76426398E+03,  0.17790909E+03
  0.76429572E+03,  0.21590909E+03
  0.76432745E+03,  0.34163638E+03
  0.76435913E+03,  0.45481818E+03
  0.76439087E+03,  0.57309094E+03
  0.76442267E+03,  0.89600000E+03
  0.76445435E+03,  0.82490906E+03
  0.76448608E+03,  0.45363638E+03
  0.76451776E+03,  0.27318179E+03
  0.76454944E+03,  0.21227272E+03
  0.76458118E+03,  0.18036363E+03
  0.76461298E+03,  0.17772728E+03
  0.76464465E+03,  0.20427272E+03
  0.76467639E+03,  0.25100000E+03
  0.76470813E+03,  0.22136363E+03
  0.76473987E+03,  0.15845454E+03
  0.76477155E+03,  0.14363637E+03
  0.76480328E+03,  0.17736363E+03
  0.76483508E+03,  0.23909091E+03
  0.76486670E+03,  0.25781818E+03
  0.76489850E+03,  0.21263637E+03
  0.76493030E+03,  0.15618184E+03
  0.76496198E+03,  0.14218184E+03
  0.76499371E+03,  0.15454544E+03
  0.76502551E+03,  0.16327272E+03
  0.76505719E+03,  0.16072728E+03
  0.76508893E+03,  0.12890909E+03
  0.76512067E+03,  0.11336364E+03
  0.76515240E+03,  0.13636363E+03
  0.76518414E+03,  0.16209091E+03
  0.76521588E+03,  0.14381818E+03
  0.76524762E+03,  0.14272728E+03
  0.76527936E+03,  0.14945454E+03
  0.76531104E+03,  0.22190909E+03
  0.76534277E+03,  0.32181818E+03
  0.76537457E+03,  0.44227277E+03
  0.76540631E+03,  0.70909094E+03
  0.76543811E+03,  0.71472729E+03
  0.76546979E+03,  0.38318179E+03
  0.76550153E+03,  0.24754544E+03
  0.76553333E+03,  0.20981818E+03
  0.76556506E+03,  0.19581818E+03
  0.76559674E+03,  0.18563637E+03
  0.76562854E+03,  0.16627272E+03
  0.76566022E+03,  0.16700000E+03
  0.76569208E+03,  0.16109091E+03
  0.76572375E+03,  0.13354544E+03
  0.76575555E+03,  0.13254544E+03
  0.76578729E+03,  0.11881818E+03
  0.76581903E+03,  0.13936363E+03
  0.76585071E+03,  0.18209091E+03
  0.76588257E+03,  0.18536363E+03
  0.76591437E+03,  0.14136363E+03
  0.76594604E+03,  0.12518182E+03
  0.76597784E+03,  0.13218184E+03
  0.76600952E+03,  0.13109091E+03
  0.76604126E+03,  0.10463635E+03
  0.76607306E+03,  0.10936364E+03
  0.76610480E+03,  0.10500000E+03
  0.76613654E+03,  0.10909090E+03
  0.76616833E+03,  0.10409090E+03
  0.76620013E+03,  0.11900000E+03
  0.76623187E+03,  0.11672726E+03
  0.76626361E+03,  0.12145455E+03
  0.76629541E+03,  0.12654546E+03
  0.76632721E+03,  0.15727272E+03
  0.76635889E+03,  0.41727277E+03
  0.76639069E+03,  0.14553638E+04
  0.76642255E+03,  0.20350908E+04
  0.76645422E+03,  0.11380908E+04
  0.76648602E+03,  0.37963638E+03
  0.76651776E+03,  0.26690909E+03
  0.76654944E+03,  0.21627272E+03
  0.76658124E+03,  0.16954544E+03
  0.76661304E+03,  0.14936363E+03
  0.76664478E+03,  0.18563637E+03
  0.76667651E+03,  0.27263638E+03
  0.76670837E+03,  0.26463638E+03
  0.76674011E+03,  0.20036363E+03
  0.76677185E+03,  0.17590909E+03
  0.76680365E+03,  0.15063637E+03
  0.76683545E+03,  0.16590909E+03
  0.76686719E+03,  0.15145454E+03
  0.76689899E+03,  0.13000000E+03
  0.76693079E+03,  0.12436364E+03
  0.76696252E+03,  0.12790910E+03
  0.76699438E+03,  0.12036364E+03
  0.76702606E+03,  0.12800000E+03
  0.76705786E+03,  0.12545455E+03
  0.76708966E+03,  0.11745455E+03
  0.76712140E+03,  0.85909096E+02
  0.76715314E+03,  0.95090904E+02
  0.76718500E+03,  0.11209090E+03
  0.76721674E+03,  0.10772726E+03
  0.76724847E+03,  0.11000000E+03
  0.76728033E+03,  0.13481818E+03
  0.76731213E+03,  0.20845454E+03
  0.76734381E+03,  0.51772729E+03
  0.76737567E+03,  0.27804543E+04
  0.76740753E+03,  0.62092725E+04
  0.76743921E+03,  0.47507271E+04
  0.76747101E+03,  0.16028184E+04
  0.76750281E+03,  0.50654547E+03
  0.76753461E+03,  0.36881818E+03
  0.76756635E+03,  0.29836362E+03
  0.76759821E+03,  0.25309091E+03
  0.76762994E+03,  0.22772728E+03
  0.76766168E+03,  0.22790909E+03
  0.76769354E+03,  0.22118184E+03
  0.76772534E+03,  0.23836363E+03
  0.76775714E+03,  0.31090909E+03
  0.76778894E+03,  0.21927272E+03
  0.76782068E+03,  0.15990909E+03
  0.76785248E+03,  0.14545454E+03
  0.76788428E+03,  0.14154544E+03
  0.76791608E+03,  0.13627272E+03
  0.76794788E+03,  0.12354546E+03
  0.76797968E+03,  0.13327272E+03
  0.76801147E+03,  0.13318184E+03
  0.76804321E+03,  0.11509090E+03
  0.76807507E+03,  0.11245455E+03
  0.76810681E+03,  0.11181818E+03
  0.76813867E+03,  0.11809090E+03
  0.76817047E+03,  0.14418184E+03
  0.76820227E+03,  0.13390909E+03
  0.76823413E+03,  0.13518184E+03
  0.76826587E+03,  0.14381818E+03
  0.76829773E+03,  0.20518184E+03
  0.76832947E+03,  0.50800000E+03
  0.76836121E+03,  0.36658181E+04
  0.76839307E+03,  0.13985455E+05
  0.76842499E+03,  0.15992273E+05
  0.76845667E+03,  0.68093633E+04
  0.76848853E+03,  0.18106362E+04
  0.76852032E+03,  0.83990906E+03
  0.76855212E+03,  0.61345459E+03
  0.76858392E+03,  0.46545450E+03
  0.76861572E+03,  0.43263638E+03
  0.76864752E+03,  0.41745450E+03
  0.76867932E+03,  0.39690909E+03
  0.76871118E+03,  0.43136362E+03
  0.76874298E+03,  0.66409094E+03
  0.76877484E+03,  0.55681818E+03
  0.76880658E+03,  0.28836362E+03
  0.76883844E+03,  0.23554544E+03
  0.76887024E+03,  0.23781818E+03
  0.76890210E+03,  0.20263637E+03
  0.76893390E+03,  0.21363637E+03
  0.76896570E+03,  0.22363637E+03
  0.76899756E+03,  0.25927277E+03
  0.76902930E+03,  0.25090909E+03
  0.76906116E+03,  0.20763637E+03
  0.76909302E+03,  0.18109091E+03
  0.76912476E+03,  0.17972728E+03
  0.76915656E+03,  0.19018184E+03
  0.76918842E+03,  0.18563637E+03
  0.76922028E+03,  0.18181818E+03
  0.76925208E+03,  0.23881818E+03
  0.76928387E+03,  0.31090909E+03
  0.76931567E+03,  0.63527271E+03
  0.76934753E+03,  0.33505454E+04
  0.76937933E+03,  0.19409365E+05
  0.76941119E+03,  0.32011455E+05
  0.76944299E+03,  0.19098271E+05
  0.76947491E+03,  0.50884541E+04
  0.76950665E+03,  0.18356362E+04
  0.76953851E+03,  0.12786362E+04
  0.76957031E+03,  0.98163635E+03
  0.76960217E+03,  0.79145459E+03
  0.76963397E+03,  0.66881818E+03
  0.76966577E+03,  0.52881818E+03
  0.76969769E+03,  0.51245459E+03
  0.76972949E+03,  0.85118176E+03
  0.76976129E+03,  0.12047273E+04
  0.76979321E+03,  0.58627271E+03
  0.76982501E+03,  0.47436362E+03
  0.76985675E+03,  0.41827277E+03
  0.76988867E+03,  0.39800000E+03
  0.76992053E+03,  0.35309088E+03
  0.76995233E+03,  0.36390909E+03
  0.76998425E+03,  0.35472726E+03
  0.77001599E+03,  0.35581818E+03
  0.77004785E+03,  0.34027277E+03
  0.77007965E+03,  0.37100000E+03
  0.77011145E+03,  0.36154547E+03
  0.77014331E+03,  0.31890909E+03
  0.77017517E+03,  0.32227277E+03
  0.77020709E+03,  0.29854547E+03
  0.77023889E+03,  0.30609088E+03
  0.77027075E+03,  0.39436362E+03
  0.77030255E+03,  0.69309094E+03
  0.77033447E+03,  0.21590000E+04
  0.77036621E+03,  0.14667000E+05
  0.77039813E+03,  0.37461453E+05
  0.77042999E+03,  0.31228090E+05
  0.77046179E+03,  0.10426817E+05
  0.77049371E+03,  0.28172727E+04
  0.77052551E+03,  0.17190000E+04
  0.77055737E+03,  0.13414546E+04
  0.77058917E+03,  0.10988184E+04
  0.77062103E+03,  0.88381818E+03
  0.77065289E+03,  0.80027271E+03
  0.77068475E+03,  0.65490906E+03
  0.77071661E+03,  0.79463635E+03
  0.77074847E+03,  0.15190000E+04
  0.77078033E+03,  0.10280000E+04
  0.77081219E+03,  0.62618176E+03
  0.77084399E+03,  0.61945459E+03
  0.77087585E+03,  0.55427271E+03
  0.77090778E+03,  0.49436362E+03
  0.77093964E+03,  0.45354547E+03
  0.77097150E+03,  0.49145450E+03
  0.77100330E+03,  0.48918179E+03
  0.77103522E+03,  0.45818179E+03
  0.77106708E+03,  0.45436362E+03
  0.77109894E+03,  0.45245450E+03
  0.77113074E+03,  0.37054547E+03
  0.77116260E+03,  0.34845450E+03
  0.77119452E+03,  0.38090909E+03
  0.77122638E+03,  0.40463638E+03
  0.77125818E+03,  0.40545450E+03
  0.77129010E+03,  0.51254547E+03
  0.77132196E+03,  0.10430000E+04
  0.77135376E+03,  0.57018174E+04
  0.77138568E+03,  0.20928635E+05
  0.77141760E+03,  0.24840727E+05
  0.77144940E+03,  0.11283091E+05
  0.77148126E+03,  0.30628181E+04
  0.77151318E+03,  0.14832726E+04
  0.77154498E+03,  0.11745454E+04
  0.77157684E+03,  0.96072729E+03
  0.77160870E+03,  0.81845459E+03
  0.77164056E+03,  0.71136359E+03
  0.77167249E+03,  0.62763635E+03
  0.77170441E+03,  0.67818176E+03
  0.77173627E+03,  0.11090908E+04
  0.77176813E+03,  0.99000000E+03
  0.77179999E+03,  0.53336359E+03
  0.77183185E+03,  0.44781818E+03
  0.77186371E+03,  0.46009088E+03
  0.77189563E+03,  0.46245450E+03
  0.77192755E+03,  0.44954547E+03
  0.77195935E+03,  0.39918179E+03
  0.77199127E+03,  0.41109088E+03
  0.77202319E+03,  0.43109088E+03
  0.77205499E+03,  0.45154547E+03
  0.77208691E+03,  0.44327277E+03
  0.77211871E+03,  0.40236362E+03
  0.77215063E+03,  0.34809088E+03
  0.77218256E+03,  0.35527277E+03
  0.77221454E+03,  0.38481818E+03
  0.77224628E+03,  0.45609088E+03
  0.77227820E+03,  0.50654547E+03
  0.77231012E+03,  0.60118176E+03
  0.77234192E+03,  0.10341818E+04
  0.77237384E+03,  0.44481821E+04
  0.77240576E+03,  0.82515449E+04
  0.77243774E+03,  0.56917271E+04
  0.77246948E+03,  0.18668184E+04
  0.77250140E+03,  0.79045459E+03
  0.77253333E+03,  0.58700000E+03
  0.77256519E+03,  0.56909094E+03
  0.77259717E+03,  0.57409094E+03
  0.77262897E+03,  0.51872729E+03
  0.77266083E+03,  0.43018179E+03
  0.77269275E+03,  0.40600000E+03
  0.77272473E+03,  0.46118179E+03
  0.77275653E+03,  0.56790906E+03
  0.77278851E+03,  0.41536362E+03
  0.77282037E+03,  0.38518179E+03
  0.77285223E+03,  0.38927277E+03
  0.77288422E+03,  0.35009088E+03
  0.77291608E+03,  0.31281818E+03
  0.77294800E+03,  0.30472726E+03
  0.77297986E+03,  0.30781818E+03
  0.77301172E+03,  0.30972726E+03
  0.77304364E+03,  0.30654547E+03
  0.77307556E+03,  0.31454547E+03
  0.77310748E+03,  0.29745450E+03
  0.77313934E+03,  0.30381818E+03
  0.77317120E+03,  0.27554547E+03
  0.77320319E+03,  0.26318179E+03
  0.77323511E+03,  0.30536362E+03
  0.77326697E+03,  0.37418179E+03
  0.77329889E+03,  0.37781818E+03
  0.77333075E+03,  0.42163638E+03
  0.77336267E+03,  0.74354547E+03
  0.77339465E+03,  0.17657273E+04
  0.77342651E+03,  0.18034546E+04
  0.77345844E+03,  0.89618176E+03
  0.77349036E+03,  0.41872726E+03
  0.77352228E+03,  0.33809088E+03
  0.77355420E+03,  0.33081818E+03
  0.77358606E+03,  0.35763638E+03
  0.77361798E+03,  0.36300000E+03
  0.77364978E+03,  0.33690909E+03
  0.77368176E+03,  0.30836362E+03
  0.77371368E+03,  0.29800000E+03
  0.77374561E+03,  0.29563638E+03
  0.77377759E+03,  0.25281818E+03
  0.77380945E+03,  0.24136363E+03
  0.77384131E+03,  0.26445450E+03
  0.77387329E+03,  0.28927277E+03
  0.77390521E+03,  0.27554547E+03
  0.77393726E+03,  0.23154544E+03
  0.77396906E+03,  0.22427272E+03
  0.77400098E+03,  0.21581818E+03
  0.77403296E+03,  0.21063637E+03
  0.77406482E+03,  0.19327272E+03
  0.77409674E+03,  0.20145454E+03
  0.77412866E+03,  0.20609091E+03
  0.77416052E+03,  0.19709091E+03
  0.77419250E+03,  0.17963637E+03
  0.77422455E+03,  0.21327272E+03
  0.77425635E+03,  0.28318179E+03
  0.77428833E+03,  0.28436362E+03
  0.77432019E+03,  0.26590909E+03
  0.77435217E+03,  0.29927277E+03
  0.77438409E+03,  0.44254547E+03
  0.77441602E+03,  0.49309088E+03
  0.77444800E+03,  0.36090909E+03
  0.77447986E+03,  0.27172726E+03
  0.77451178E+03,  0.22790909E+03
  0.77454364E+03,  0.21409091E+03
  0.77457568E+03,  0.22409091E+03
  0.77460760E+03,  0.22163637E+03
  0.77463947E+03,  0.25136363E+03
  0.77467145E+03,  0.25490909E+03
  0.77470343E+03,  0.22245454E+03
  0.77473541E+03,  0.21845454E+03
  0.77476727E+03,  0.20009091E+03
  0.77479919E+03,  0.19263637E+03
  0.77483118E+03,  0.16681818E+03
  0.77486304E+03,  0.18918184E+03
  0.77489502E+03,  0.20518184E+03
  0.77492700E+03,  0.19609091E+03
  0.77495892E+03,  0.16772728E+03
  0.77499091E+03,  0.19645454E+03
  0.77502277E+03,  0.19772728E+03
  0.77505469E+03,  0.18563637E+03
  0.77508667E+03,  0.15945454E+03
  0.77511859E+03,  0.20427272E+03
  0.77515051E+03,  0.21436363E+03
  0.77518250E+03,  0.17200000E+03
  0.77521454E+03,  0.15527272E+03
  0.77524640E+03,  0.17936363E+03
  0.77527838E+03,  0.21690909E+03
  0.77531024E+03,  0.22945454E+03
  0.77534222E+03,  0.23127272E+03
  0.77537421E+03,  0.24909091E+03
  0.77540619E+03,  0.23836363E+03
  0.77543811E+03,  0.20181818E+03
  0.77547009E+03,  0.17890909E+03
  0.77550195E+03,  0.17072728E+03
  0.77553400E+03,  0.16300000E+03
  0.77556592E+03,  0.17472728E+03
  0.77559790E+03,  0.19981818E+03
  0.77562976E+03,  0.22490909E+03
  0.77566168E+03,  0.22209091E+03
  0.77569366E+03,  0.20781818E+03
  0.77572571E+03,  0.18681818E+03
  0.77575763E+03,  0.17254544E+03
  0.77578955E+03,  0.14627272E+03
  0.77582153E+03,  0.16172728E+03
  0.77585345E+03,  0.16681818E+03
  0.77588550E+03,  0.17009091E+03
  0.77591748E+03,  0.16509091E+03
  0.77594934E+03,  0.15627272E+03
  0.77598138E+03,  0.13281818E+03
  0.77601331E+03,  0.14581818E+03
  0.77604523E+03,  0.13890909E+03
  0.77607721E+03,  0.14045454E+03
  0.77610913E+03,  0.14290909E+03
  0.77614111E+03,  0.17263637E+03
  0.77617310E+03,  0.17572728E+03
  0.77620508E+03,  0.15418184E+03
  0.77623712E+03,  0.13854544E+03
  0.77626898E+03,  0.16172728E+03
  0.77630096E+03,  0.16809091E+03
  0.77633301E+03,  0.19618184E+03
  0.77636493E+03,  0.24236363E+03
  0.77639691E+03,  0.28136362E+03
  0.77642889E+03,  0.24745454E+03
  0.77646088E+03,  0.19472728E+03
  0.77649286E+03,  0.17272728E+03
  0.77652478E+03,  0.16190909E+03
  0.77655670E+03,  0.16863637E+03
  0.77658875E+03,  0.18772728E+03
  0.77662067E+03,  0.16936363E+03
  0.77665265E+03,  0.17436363E+03
  0.77668469E+03,  0.19572728E+03
  0.77671667E+03,  0.19536363E+03
  0.77674860E+03,  0.17472728E+03
  0.77678058E+03,  0.14281818E+03
  0.77681256E+03,  0.13990909E+03
  0.77684454E+03,  0.13981818E+03
  0.77687646E+03,  0.17072728E+03
  0.77690851E+03,  0.18181818E+03
  0.77694049E+03,  0.15527272E+03
  0.77697253E+03,  0.13754544E+03
  0.77700452E+03,  0.11572726E+03
  0.77703650E+03,  0.13709091E+03
  0.77706842E+03,  0.14454544E+03
  0.77710040E+03,  0.13463637E+03
  0.77713239E+03,  0.12572726E+03
  0.77716437E+03,  0.12427273E+03
  0.77719635E+03,  0.12836363E+03
  0.77722839E+03,  0.14054544E+03
  0.77726038E+03,  0.12781818E+03
  0.77729236E+03,  0.11145455E+03
  0.77732434E+03,  0.15154544E+03
  0.77735626E+03,  0.23454544E+03
  0.77738831E+03,  0.29981818E+03
  0.77742029E+03,  0.46245450E+03
  0.77745227E+03,  0.17251818E+04
  0.77748431E+03,  0.33447273E+04
  0.77751624E+03,  0.23820911E+04
  0.77754822E+03,  0.85200000E+03
  0.77758026E+03,  0.37963638E+03
  0.77761224E+03,  0.28109088E+03
  0.77764423E+03,  0.22318184E+03
  0.77767621E+03,  0.22663637E+03
  0.77770825E+03,  0.22827272E+03
  0.77774023E+03,  0.20672728E+03
