431.116863181818 69.2727272727273
431.140687090909 95.3636363636364
431.164511636364 190.818181818182
431.188336909091 553
431.212162636364 792.454545454545
431.235989090909 678.818181818182
431.259816090909 434.090909090909
431.283644 222
431.307472181818 150.272727272727
431.331301636364 136
431.355131090909 123
431.378961727273 161.545454545455
431.402792727273 303.454545454545
431.426624545455 2729.81818181818
431.450456909091 19274
431.474289909091 30553.1818181818
431.498123636364 16598
431.521958090909 3479.54545454545
431.545793090909 1274.81818181818
431.569628636364 1054.09090909091
431.593465090909 778.363636363636
431.617302090909 609.363636363636
431.641139636364 556.909090909091
431.664978090909 938.909090909091
431.688817090909 8198.90909090909
431.712656636364 26971.4545454545
431.736496909091 25969.6363636364
431.760337909091 8191
431.784179454545 1777.45454545455
431.808021818182 1197.90909090909
431.831864727273 962.818181818182
431.855708272727 905.454545454545
431.879552454546 925.272727272727
431.903397363636 848.545454545455
431.927242909091 1692.09090909091
431.951089272727 10139.0909090909
431.974936 17677.7272727273
431.998783545455 10033.4545454545
432.022631818182 2266.36363636364
432.046480545455 926.272727272727
432.070330181818 749.636363636364
432.094180363636 669.545454545455
432.118031181818 568.545454545455
432.141882454546 535
432.165734727273 648.454545454545
432.189587454546 2577.63636363636
432.213441 7225.54545454545
432.237295181818 7132
432.261149909091 2453.36363636364
432.285005272727 834.272727272727
432.308861454545 604.090909090909
432.332718181818 540.363636363636
432.356575545455 498.454545454545
432.380433545455 506.545454545455
432.404292363636 460
432.428151727273 595.727272727273
432.452011818182 1866.18181818182
432.475872454545 3030.27272727273
432.499733909091 1848.63636363636
432.523595909091 885.454545454545
432.547458545455 957.272727272727
432.571321818182 877.636363636364
432.595185727273 597.181818181818
432.619050363636 439.363636363636
432.642915818182 368.272727272727
432.666781818182 368.363636363636
432.690648181818 548.636363636364
432.714515818182 1153.54545454545
432.738383636364 1264.63636363636
432.762252090909 702.909090909091
432.786121272727 387.636363636364
432.809991181818 351.272727272727
432.833862 360.909090909091
432.857733090909 607
432.881605 943.181818181818
432.905477454545 812.818181818182
432.929350727273 519.090909090909
432.953224454545 555.363636363636
432.977099181818 612.090909090909
433.000974363636 459.454545454545
433.024850181818 344.636363636364
433.048726454545 317.818181818182
433.072603636364 314.363636363636
433.096481454545 323.636363636364
433.120360181818 271.090909090909
433.144239272727 264.636363636364
433.168119181818 311.818181818182
433.191999363636 688.090909090909
433.215880454545 1255.27272727273
433.239762363636 1270.45454545455
433.263644727273 746.454545454545
433.287527727273 451.909090909091
433.311411545455 479.363636363636
433.335295727273 549.181818181818
433.359180727273 403.545454545455
433.383066636364 275.545454545455
433.406953 220.909090909091
433.43084 247.090909090909
433.454727636364 361.363636363636
433.478616090909 404
433.502505090909 295.909090909091
433.526394636364 444.272727272727
433.550285 757.909090909091
433.574176 698.909090909091
433.598067636364 361.818181818182
433.62196 211.454545454545
433.645852909091 207.272727272727
433.669746454546 241.909090909091
433.693640818182 386.272727272727
433.717535727273 586.727272727273
433.741431272727 541.454545454545
433.765327545455 318.636363636364
433.789224363636 232.727272727273
433.813121909091 259.272727272727
433.837020181818 245.636363636364
433.860919 322.636363636364
433.884818727273 492.818181818182
433.908718818182 459.272727272727
433.932619636364 330.818181818182
433.956521090909 403.272727272727
433.980423272727 402.727272727273
434.004326090909 288.090909090909
434.028229636364 223.545454545455
434.052133727273 207.636363636364
434.076038636364 186.181818181818
434.099944 174.090909090909
434.123850090909 185.636363636364
434.147756818182 190.909090909091
434.171664272727 276.818181818182
434.195572454545 653.090909090909
434.219481090909 981.636363636364
434.243390727273 738.272727272727
434.267300727273 358.454545454545
434.291211454545 252.090909090909
434.315122727273 272
434.339034727273 294.090909090909
434.362947545455 249.545454545455
434.386860818182 189.818181818182
434.410774818182 190.090909090909
434.434689545455 580.272727272727
434.458604818182 1181.81818181818
434.482520818182 934.363636363636
434.506437454545 350.090909090909
434.530354727273 215.363636363636
434.554272727273 230.090909090909
434.578191363636 212.909090909091
434.602110636364 159.454545454545
434.626030545455 142.636363636364
434.649951090909 160.181818181818
434.673872454545 532.090909090909
434.697794363636 2105.63636363636
434.721716909091 2605.27272727273
434.745640090909 1221.54545454545
434.769564 366.181818181818
434.793488545455 243.636363636364
434.817413727273 218.545454545455
434.841339545455 183
434.865266181818 201.090909090909
434.889193363636 240.727272727273
434.913121272727 482.272727272727
434.937049545454 3144.45454545455
434.960978636364 5952.45454545455
434.984908545455 3817.09090909091
435.008839181818 979.090909090909
435.032770272727 402.363636363636
435.056702 326.636363636364
435.080634363636 272.363636363636
435.104567454546 232.272727272727
435.128501272727 231.636363636364
435.152435818182 378.454545454545
435.176370909091 3492.72727272727
435.200306363636 12026.1818181818
435.224242909091 12173.9090909091
435.24818 4403.09090909091
435.272117818182 1061.18181818182
435.296056 683.909090909091
435.319995 566
435.343934818182 493
435.367875 399.090909090909
435.391816 383
435.415757727273 2089.45454545455
435.4397 15247.5454545455
435.463643090909 24581.2727272727
435.487586727273 13204
435.511531 2731.90909090909
435.535476 1107.18181818182
435.559421545454 931.090909090909
435.583367727273 722.727272727273
435.607314636364 556.272727272727
435.631262181818 537.636363636364
435.655210545455 1159.36363636364
435.679159363636 12422.3636363636
435.703109 34339.1818181818
435.727059090909 29185.9090909091
435.75101 8374.36363636364
435.774961545455 2087.81818181818
435.798913909091 1411.72727272727
435.822866636364 1153.36363636364
435.84682 922.545454545455
435.870774272727 813.545454545455
435.894728909091 962.727272727273
435.918684636364 6394.45454545455
435.942640818182 33581.3636363636
435.966597545455 45185.1818181818
435.990555 20305.8181818182
436.014513090909 4068.09090909091
436.038471909091 1881.81818181818
436.062431181818 1648.81818181818
436.086391363636 1228.36363636364
436.110352090909 1077.90909090909
436.134313454545 984.818181818182
436.158275727273 2173.45454545455
436.182238272727 20035.8181818182
436.206201727273 45280.6363636364
436.230165818182 32992.5454545455
436.254130363636 8303.54545454545
436.278095909091 2404.81818181818
436.302061909091 2033.45454545455
436.326028363636 1637.90909090909
436.349996090909 1387.81818181818
436.373964 1212.18181818182
436.397932363636 1332.36363636364
436.421901636364 7392.63636363636
436.445871545455 29106.2727272727
436.469842272727 33224.4545454545
436.493813545455 12557.3636363636
436.517785454545 2796.18181818182
436.541758181818 1750.09090909091
436.565731272727 1509.63636363636
436.589705272727 1327.54545454545
436.613679818182 1166.27272727273
436.637655181818 1033.63636363636
436.661630818182 1892.45454545455
436.685607454546 11709.6363636364
436.709584727273 21806.2727272727
436.733562636364 13609
436.757541 3342.45454545455
436.781520363636 1487.72727272727
436.805500090909 1331.18181818182
436.829480636364 1154.36363636364
436.853461727273 971
436.877443636364 1035.18181818182
436.901425909091 1072.72727272727
436.925409181818 3228.27272727273
436.949392909091 9202.45454545455
436.973377636364 9343.27272727273
436.997362636364 3262.45454545455
437.021348181818 1124.45454545455
437.045334636364 923.181818181818
437.069321727273 885.272727272727
437.093309454545 790.727272727273
437.117297818182 727.545454545455
437.141286818182 705.636363636364
437.165276818182 1002
437.189266909091 2873.27272727273
437.213258 4543.18181818182
437.237249818182 2915.09090909091
437.261242 1225.27272727273
437.285235 790.909090909091
437.309228636364 725.727272727273
437.333222909091 645.454545454545
437.357217909091 627.181818181818
437.381213545455 605.818181818182
437.405209909091 658.909090909091
437.429206727273 1069.63636363636
437.453204545455 1894.72727272727
437.477202636364 1669.27272727273
437.501201545455 842.454545454545
437.525201363636 632.727272727273
437.549201454545 654.727272727273
437.573202363636 583.272727272727
437.597204 519.363636363636
437.621206272727 455.363636363636
437.645209090909 461.636363636364
437.669212454545 487.181818181818
437.693216636364 678
437.717221454545 907.636363636364
437.741227090909 817.090909090909
437.765233272727 610.272727272727
437.789240090909 495
437.813247454545 449.909090909091
437.837255545455 475
437.861264454545 465.272727272727
437.885274 456.454545454545
437.909284090909 421.181818181818
437.933294818182 467.181818181818
437.957306272727 473
437.981318363636 453.090909090909
438.005331090909 437.727272727273
438.029344454545 403.636363636364
438.053358545455 350.909090909091
438.077373363636 347.727272727273
438.101388636364 356.727272727273
438.125404727273 372.363636363636
438.149421363636 382.818181818182
438.173438727273 425.727272727273
438.197456727273 521.090909090909
438.221475545454 682.636363636364
438.245494727273 676.181818181818
438.269514727273 507.090909090909
438.293535454545 361.090909090909
438.317556636364 344.363636363636
438.341578636364 350
438.365601181818 342.636363636364
438.389624545455 346.636363636364
438.413648454546 358.454545454545
438.437673090909 314.181818181818
438.461698363636 312.181818181818
438.485724272727 289.090909090909
438.509750818182 297.181818181818
438.533778 329.363636363636
438.557805909091 306.818181818182
438.581834454545 296.909090909091
438.605863818182 325
438.629893545455 288.272727272727
438.653923909091 260.636363636364
438.677955181818 232.454545454545
438.701986909091 282.090909090909
438.726019636364 344.090909090909
438.750052818182 380
438.774086636364 326.545454545455
438.798120909091 289.181818181818
438.822156090909 279.272727272727
438.846191818182 296.727272727273
438.870228363636 302.909090909091
438.894265454545 292.363636363636
438.918303181818 268.363636363636
438.942341636364 260.636363636364
438.966380636364 251.818181818182
438.990420363636 289
439.014460818182 271.545454545455
439.038502 235.818181818182
439.062543636364 221.363636363636
439.086586 217.090909090909
439.110629 218.181818181818
439.134672818182 217.181818181818
439.158717 252.636363636364
439.182762 381.454545454545
439.206807727273 485.454545454545
439.230853909091 469.181818181818
439.254900909091 370.363636363636
439.278948636364 299.909090909091
439.302996909091 261.090909090909
439.327045909091 262.181818181818
439.351095545455 217.363636363636
439.375145818182 234
439.399196727273 255.272727272727
439.423248090909 290.454545454545
439.447300454545 343.545454545455
439.471353272727 344.636363636364
439.495406909091 287.818181818182
